# Region type : patch heater_to_fins
# Faces  :    56
# Area   :    1.000000e-04
# Time        	areaAverage(T)
0             	2.969000e+02
1             	2.969000e+02
2             	2.991620e+02
3             	3.014035e+02
4             	3.036432e+02
5             	3.058737e+02
6             	3.080905e+02
7             	3.102920e+02
8             	3.124768e+02
9             	3.146444e+02
10            	3.167946e+02
11            	3.189276e+02
12            	3.210433e+02
13            	3.231420e+02
14            	3.252238e+02
15            	3.272889e+02
16            	3.293375e+02
17            	3.313699e+02
18            	3.333862e+02
19            	3.353868e+02
20            	3.373719e+02
21            	3.393416e+02
22            	3.412962e+02
23            	3.432357e+02
24            	3.451604e+02
25            	3.470703e+02
26            	3.489656e+02
27            	3.508466e+02
28            	3.527133e+02
29            	3.545660e+02
30            	3.564044e+02
31            	3.582282e+02
32            	3.600367e+02
33            	3.618292e+02
34            	3.636049e+02
35            	3.653633e+02
36            	3.671041e+02
37            	3.688275e+02
38            	3.705331e+02
39            	3.722211e+02
40            	3.738913e+02
41            	3.755437e+02
42            	3.771786e+02
43            	3.787960e+02
44            	3.803961e+02
45            	3.819789e+02
46            	3.835444e+02
47            	3.850927e+02
48            	3.866241e+02
49            	3.881386e+02
50            	3.896367e+02
51            	3.911183e+02
52            	3.925837e+02
53            	3.940331e+02
54            	3.954668e+02
55            	3.968847e+02
56            	3.982872e+02
57            	3.996743e+02
58            	4.010464e+02
59            	4.024034e+02
60            	4.037457e+02
61            	4.050733e+02
62            	4.063866e+02
63            	4.076855e+02
64            	4.089703e+02
65            	4.102413e+02
66            	4.114984e+02
67            	4.127419e+02
68            	4.139720e+02
69            	4.151887e+02
70            	4.163922e+02
71            	4.175827e+02
72            	4.187603e+02
73            	4.199251e+02
74            	4.210772e+02
75            	4.222168e+02
76            	4.233440e+02
77            	4.244588e+02
78            	4.255615e+02
79            	4.266521e+02
80            	4.277307e+02
81            	4.287974e+02
82            	4.298524e+02
83            	4.308958e+02
84            	4.319277e+02
85            	4.329484e+02
86            	4.339578e+02
87            	4.349562e+02
88            	4.359437e+02
89            	4.369204e+02
90            	4.378864e+02
91            	4.388419e+02
92            	4.397870e+02
93            	4.407217e+02
94            	4.416463e+02
95            	4.425608e+02
96            	4.434653e+02
97            	4.443599e+02
98            	4.452448e+02
99            	4.461199e+02
100           	4.469855e+02
101           	4.478415e+02
102           	4.486881e+02
103           	4.495254e+02
104           	4.503533e+02
105           	4.511721e+02
106           	4.519818e+02
107           	4.527826e+02
108           	4.535745e+02
109           	4.543576e+02
110           	4.551321e+02
111           	4.558979e+02
112           	4.566553e+02
113           	4.574042e+02
114           	4.581447e+02
115           	4.588770e+02
116           	4.596011e+02
117           	4.603172e+02
118           	4.610252e+02
119           	4.617252e+02
120           	4.624175e+02
121           	4.631019e+02
122           	4.637787e+02
123           	4.644478e+02
124           	4.651094e+02
125           	4.657636e+02
126           	4.664104e+02
127           	4.670500e+02
128           	4.676824e+02
129           	4.683076e+02
130           	4.689258e+02
131           	4.695370e+02
132           	4.701413e+02
133           	4.707388e+02
134           	4.713295e+02
135           	4.719134e+02
136           	4.724908e+02
137           	4.730615e+02
138           	4.736258e+02
139           	4.741836e+02
140           	4.747351e+02
141           	4.752802e+02
142           	4.758191e+02
143           	4.763518e+02
144           	4.768783e+02
145           	4.773987e+02
146           	4.779130e+02
147           	4.784213e+02
148           	4.789237e+02
149           	4.794201e+02
150           	4.799107e+02
151           	4.803954e+02
152           	4.808744e+02
153           	4.813477e+02
154           	4.818154e+02
155           	4.822774e+02
156           	4.827340e+02
157           	4.831850e+02
158           	4.836307e+02
159           	4.840710e+02
160           	4.845060e+02
161           	4.849357e+02
162           	4.853603e+02
163           	4.857798e+02
164           	4.861942e+02
165           	4.866036e+02
166           	4.870081e+02
167           	4.874077e+02
168           	4.878026e+02
169           	4.881927e+02
170           	4.885782e+02
171           	4.889590e+02
172           	4.893354e+02
173           	4.897072e+02
174           	4.900746e+02
175           	4.904376e+02
176           	4.907963e+02
177           	4.911506e+02
178           	4.915007e+02
179           	4.918465e+02
180           	4.921882e+02
181           	4.925257e+02
182           	4.928592e+02
183           	4.931887e+02
184           	4.935141e+02
185           	4.938357e+02
186           	4.941534e+02
187           	4.944672e+02
188           	4.947772e+02
189           	4.950835e+02
190           	4.953860e+02
191           	4.956848e+02
192           	4.959799e+02
193           	4.962714e+02
194           	4.965594e+02
195           	4.968439e+02
196           	4.971249e+02
197           	4.974026e+02
198           	4.976769e+02
199           	4.979481e+02
200           	4.982160e+02
201           	4.984807e+02
202           	4.987423e+02
203           	4.990008e+02
204           	4.992563e+02
205           	4.995088e+02
206           	4.997583e+02
207           	5.000048e+02
208           	5.002485e+02
209           	5.004892e+02
210           	5.007272e+02
211           	5.009624e+02
212           	5.011948e+02
213           	5.014246e+02
214           	5.016517e+02
215           	5.018761e+02
216           	5.020978e+02
217           	5.023170e+02
218           	5.025335e+02
219           	5.027474e+02
220           	5.029588e+02
221           	5.031677e+02
222           	5.033742e+02
223           	5.035783e+02
224           	5.037800e+02
225           	5.039793e+02
226           	5.041762e+02
227           	5.043708e+02
228           	5.045631e+02
229           	5.047530e+02
230           	5.049407e+02
231           	5.051261e+02
232           	5.053092e+02
233           	5.054901e+02
234           	5.056689e+02
235           	5.058454e+02
236           	5.060197e+02
237           	5.061919e+02
238           	5.063619e+02
239           	5.065297e+02
240           	5.066955e+02
241           	5.068592e+02
242           	5.070209e+02
243           	5.071806e+02
244           	5.073383e+02
245           	5.074939e+02
246           	5.076476e+02
247           	5.077994e+02
248           	5.079492e+02
249           	5.080971e+02
250           	5.082432e+02
251           	5.083874e+02
252           	5.085298e+02
253           	5.086704e+02
254           	5.088093e+02
255           	5.089464e+02
256           	5.090818e+02
257           	5.092155e+02
258           	5.093475e+02
259           	5.094778e+02
260           	5.096065e+02
261           	5.097336e+02
262           	5.098591e+02
263           	5.099830e+02
264           	5.101055e+02
265           	5.102264e+02
266           	5.103458e+02
267           	5.104637e+02
268           	5.105803e+02
269           	5.106954e+02
270           	5.108092e+02
271           	5.109216e+02
272           	5.110326e+02
273           	5.111424e+02
274           	5.112508e+02
275           	5.113581e+02
276           	5.114641e+02
277           	5.115688e+02
278           	5.116724e+02
279           	5.117749e+02
280           	5.118761e+02
281           	5.119763e+02
282           	5.120753e+02
283           	5.121733e+02
284           	5.122703e+02
285           	5.123661e+02
286           	5.124609e+02
287           	5.125546e+02
288           	5.126472e+02
289           	5.127388e+02
290           	5.128294e+02
291           	5.129190e+02
292           	5.130076e+02
293           	5.130952e+02
294           	5.131819e+02
295           	5.132677e+02
296           	5.133525e+02
297           	5.134364e+02
298           	5.135194e+02
299           	5.136015e+02
300           	5.136826e+02
301           	5.137629e+02
302           	5.138422e+02
303           	5.139207e+02
304           	5.139982e+02
305           	5.140749e+02
306           	5.141507e+02
307           	5.142258e+02
308           	5.143000e+02
309           	5.143735e+02
310           	5.144462e+02
311           	5.145181e+02
312           	5.145894e+02
313           	5.146599e+02
314           	5.147296e+02
315           	5.147987e+02
316           	5.148670e+02
317           	5.149347e+02
318           	5.150016e+02
319           	5.150677e+02
320           	5.151332e+02
321           	5.151979e+02
322           	5.152619e+02
323           	5.153252e+02
324           	5.153878e+02
325           	5.154498e+02
326           	5.155111e+02
327           	5.155718e+02
328           	5.156319e+02
329           	5.156913e+02
330           	5.157501e+02
331           	5.158084e+02
332           	5.158660e+02
333           	5.159231e+02
334           	5.159797e+02
335           	5.160356e+02
336           	5.160910e+02
337           	5.161458e+02
338           	5.162001e+02
339           	5.162538e+02
340           	5.163069e+02
341           	5.163595e+02
342           	5.164116e+02
343           	5.164631e+02
344           	5.165141e+02
345           	5.165645e+02
346           	5.166145e+02
347           	5.166639e+02
348           	5.167129e+02
349           	5.167614e+02
350           	5.168094e+02
351           	5.168570e+02
352           	5.169041e+02
353           	5.169507e+02
354           	5.169969e+02
355           	5.170427e+02
356           	5.170880e+02
357           	5.171329e+02
358           	5.171774e+02
359           	5.172214e+02
360           	5.172650e+02
361           	5.173082e+02
362           	5.173510e+02
363           	5.173933e+02
364           	5.174353e+02
365           	5.174768e+02
366           	5.175179e+02
367           	5.175586e+02
368           	5.175990e+02
369           	5.176389e+02
370           	5.176785e+02
371           	5.177177e+02
372           	5.177566e+02
373           	5.177951e+02
374           	5.178332e+02
375           	5.178711e+02
376           	5.179086e+02
377           	5.179458e+02
378           	5.179828e+02
379           	5.180194e+02
380           	5.180557e+02
381           	5.180918e+02
382           	5.181275e+02
383           	5.181630e+02
384           	5.181982e+02
385           	5.182332e+02
386           	5.182678e+02
387           	5.183022e+02
388           	5.183364e+02
389           	5.183703e+02
390           	5.184039e+02
391           	5.184373e+02
392           	5.184704e+02
393           	5.185033e+02
394           	5.185360e+02
395           	5.185684e+02
396           	5.186005e+02
397           	5.186325e+02
398           	5.186641e+02
399           	5.186955e+02
400           	5.187267e+02
401           	5.187576e+02
402           	5.187882e+02
403           	5.188186e+02
404           	5.188488e+02
405           	5.188787e+02
406           	5.189083e+02
407           	5.189376e+02
408           	5.189668e+02
409           	5.189956e+02
410           	5.190243e+02
411           	5.190526e+02
412           	5.190808e+02
413           	5.191086e+02
414           	5.191363e+02
415           	5.191637e+02
416           	5.191909e+02
417           	5.192179e+02
418           	5.192447e+02
419           	5.192712e+02
420           	5.192975e+02
421           	5.193237e+02
422           	5.193495e+02
423           	5.193752e+02
424           	5.194007e+02
425           	5.194259e+02
426           	5.194509e+02
427           	5.194757e+02
428           	5.195002e+02
429           	5.195245e+02
430           	5.195486e+02
431           	5.195725e+02
432           	5.195961e+02
433           	5.196196e+02
434           	5.196428e+02
435           	5.196657e+02
436           	5.196885e+02
437           	5.197111e+02
438           	5.197334e+02
439           	5.197555e+02
440           	5.197775e+02
441           	5.197992e+02
442           	5.198207e+02
443           	5.198420e+02
444           	5.198631e+02
445           	5.198840e+02
446           	5.199047e+02
447           	5.199251e+02
448           	5.199454e+02
449           	5.199654e+02
450           	5.199853e+02
451           	5.200049e+02
452           	5.200243e+02
453           	5.200435e+02
454           	5.200625e+02
455           	5.200813e+02
456           	5.200999e+02
457           	5.201182e+02
458           	5.201364e+02
459           	5.201543e+02
460           	5.201721e+02
461           	5.201897e+02
462           	5.202070e+02
463           	5.202242e+02
464           	5.202411e+02
465           	5.202579e+02
466           	5.202744e+02
467           	5.202907e+02
468           	5.203069e+02
469           	5.203228e+02
470           	5.203386e+02
471           	5.203541e+02
472           	5.203694e+02
473           	5.203846e+02
474           	5.203995e+02
475           	5.204143e+02
476           	5.204288e+02
477           	5.204432e+02
478           	5.204573e+02
479           	5.204713e+02
480           	5.204851e+02
481           	5.204987e+02
482           	5.205120e+02
483           	5.205253e+02
484           	5.205383e+02
485           	5.205511e+02
486           	5.205638e+02
487           	5.205763e+02
488           	5.205886e+02
489           	5.206007e+02
490           	5.206126e+02
491           	5.206244e+02
492           	5.206360e+02
493           	5.206475e+02
494           	5.206587e+02
495           	5.206698e+02
496           	5.206808e+02
497           	5.206916e+02
498           	5.207022e+02
499           	5.207127e+02
500           	5.207230e+02
501           	5.207332e+02
502           	5.207432e+02
503           	5.207531e+02
504           	5.207628e+02
505           	5.207725e+02
506           	5.207819e+02
507           	5.207913e+02
508           	5.208004e+02
509           	5.208095e+02
510           	5.208184e+02
511           	5.208272e+02
512           	5.208359e+02
513           	5.208444e+02
514           	5.208528e+02
515           	5.208611e+02
516           	5.208693e+02
517           	5.208773e+02
518           	5.208853e+02
519           	5.208931e+02
520           	5.209008e+02
521           	5.209084e+02
522           	5.209159e+02
523           	5.209232e+02
524           	5.209305e+02
525           	5.209377e+02
526           	5.209448e+02
527           	5.209517e+02
528           	5.209586e+02
529           	5.209654e+02
530           	5.209721e+02
531           	5.209787e+02
532           	5.209852e+02
533           	5.209917e+02
534           	5.209980e+02
535           	5.210043e+02
536           	5.210104e+02
537           	5.210165e+02
538           	5.210226e+02
539           	5.210285e+02
540           	5.210344e+02
541           	5.210402e+02
542           	5.210459e+02
543           	5.210516e+02
544           	5.210572e+02
545           	5.210627e+02
546           	5.210681e+02
547           	5.210735e+02
548           	5.210789e+02
549           	5.210841e+02
550           	5.210894e+02
551           	5.210945e+02
552           	5.210996e+02
553           	5.211046e+02
554           	5.211096e+02
555           	5.211145e+02
556           	5.211194e+02
557           	5.211242e+02
558           	5.211290e+02
559           	5.211337e+02
560           	5.211384e+02
561           	5.211430e+02
562           	5.211475e+02
563           	5.211520e+02
564           	5.211565e+02
565           	5.211609e+02
566           	5.211653e+02
567           	5.211696e+02
568           	5.211739e+02
569           	5.211782e+02
570           	5.211824e+02
571           	5.211866e+02
572           	5.211907e+02
573           	5.211948e+02
574           	5.211988e+02
575           	5.212028e+02
576           	5.212067e+02
577           	5.212106e+02
578           	5.212145e+02
579           	5.212183e+02
580           	5.212221e+02
581           	5.212258e+02
582           	5.212295e+02
583           	5.212332e+02
584           	5.212368e+02
585           	5.212404e+02
586           	5.212439e+02
587           	5.212474e+02
588           	5.212509e+02
589           	5.212543e+02
590           	5.212577e+02
591           	5.212611e+02
592           	5.212644e+02
593           	5.212676e+02
594           	5.212708e+02
595           	5.212740e+02
596           	5.212772e+02
597           	5.212803e+02
598           	5.212833e+02
599           	5.212863e+02
600           	5.212893e+02
601           	5.212922e+02
602           	5.212951e+02
603           	5.212979e+02
604           	5.213007e+02
605           	5.213035e+02
606           	5.213062e+02
607           	5.213088e+02
608           	5.213114e+02
609           	5.213140e+02
610           	5.213165e+02
611           	5.213189e+02
612           	5.213213e+02
613           	5.213237e+02
614           	5.213260e+02
615           	5.213283e+02
616           	5.213305e+02
617           	5.213326e+02
618           	5.213347e+02
619           	5.213368e+02
620           	5.213388e+02
621           	5.213407e+02
622           	5.213426e+02
623           	5.213445e+02
624           	5.213463e+02
625           	5.213481e+02
626           	5.213498e+02
627           	5.213515e+02
628           	5.213531e+02
629           	5.213547e+02
630           	5.213563e+02
631           	5.213578e+02
632           	5.213593e+02
633           	5.213607e+02
634           	5.213621e+02
635           	5.213635e+02
636           	5.213649e+02
637           	5.213662e+02
638           	5.213674e+02
639           	5.213687e+02
640           	5.213699e+02
641           	5.213711e+02
642           	5.213722e+02
643           	5.213734e+02
644           	5.213745e+02
645           	5.213755e+02
646           	5.213766e+02
647           	5.213776e+02
648           	5.213786e+02
649           	5.213796e+02
650           	5.213806e+02
651           	5.213815e+02
652           	5.213825e+02
653           	5.213834e+02
654           	5.213843e+02
655           	5.213852e+02
656           	5.213861e+02
657           	5.213870e+02
658           	5.213879e+02
659           	5.213887e+02
660           	5.213896e+02
661           	5.213905e+02
662           	5.213913e+02
663           	5.213921e+02
664           	5.213930e+02
665           	5.213938e+02
666           	5.213947e+02
667           	5.213955e+02
668           	5.213963e+02
669           	5.213972e+02
670           	5.213980e+02
671           	5.213989e+02
672           	5.213997e+02
673           	5.214006e+02
674           	5.214015e+02
675           	5.214023e+02
676           	5.214032e+02
677           	5.214041e+02
678           	5.214050e+02
679           	5.214059e+02
680           	5.214068e+02
681           	5.214077e+02
682           	5.214086e+02
683           	5.214095e+02
684           	5.214105e+02
685           	5.214115e+02
686           	5.214124e+02
687           	5.214134e+02
688           	5.214144e+02
689           	5.214154e+02
690           	5.214164e+02
691           	5.214174e+02
692           	5.214184e+02
693           	5.214195e+02
694           	5.214205e+02
695           	5.214215e+02
696           	5.214226e+02
697           	5.214237e+02
698           	5.214247e+02
699           	5.214258e+02
700           	5.214269e+02
701           	5.214280e+02
702           	5.214290e+02
703           	5.214301e+02
704           	5.214311e+02
705           	5.214322e+02
706           	5.214333e+02
707           	5.214343e+02
708           	5.214354e+02
709           	5.214365e+02
710           	5.214375e+02
711           	5.214386e+02
712           	5.214397e+02
713           	5.214407e+02
714           	5.214418e+02
715           	5.214428e+02
716           	5.214439e+02
717           	5.214449e+02
718           	5.214460e+02
719           	5.214470e+02
720           	5.214480e+02
721           	5.214490e+02
722           	5.214501e+02
723           	5.214511e+02
724           	5.214520e+02
725           	5.214530e+02
726           	5.214540e+02
727           	5.214549e+02
728           	5.214559e+02
729           	5.214568e+02
730           	5.214577e+02
731           	5.214586e+02
732           	5.214595e+02
733           	5.214603e+02
734           	5.214612e+02
735           	5.214620e+02
736           	5.214628e+02
737           	5.214636e+02
738           	5.214644e+02
739           	5.214651e+02
740           	5.214659e+02
741           	5.214666e+02
742           	5.214673e+02
743           	5.214680e+02
744           	5.214687e+02
745           	5.214693e+02
746           	5.214699e+02
747           	5.214706e+02
748           	5.214712e+02
749           	5.214717e+02
750           	5.214723e+02
751           	5.214728e+02
752           	5.214734e+02
753           	5.214739e+02
754           	5.214744e+02
755           	5.214748e+02
756           	5.214753e+02
757           	5.214757e+02
758           	5.214762e+02
759           	5.214766e+02
760           	5.214770e+02
761           	5.214774e+02
762           	5.214777e+02
763           	5.214781e+02
764           	5.214785e+02
765           	5.214788e+02
766           	5.214791e+02
767           	5.214794e+02
768           	5.214797e+02
769           	5.214800e+02
770           	5.214802e+02
771           	5.214805e+02
772           	5.214807e+02
773           	5.214809e+02
774           	5.214811e+02
775           	5.214813e+02
776           	5.214815e+02
777           	5.214816e+02
778           	5.214818e+02
779           	5.214819e+02
780           	5.214820e+02
781           	5.214821e+02
782           	5.214822e+02
783           	5.214823e+02
784           	5.214824e+02
785           	5.214824e+02
786           	5.214825e+02
787           	5.214825e+02
788           	5.214826e+02
789           	5.214826e+02
790           	5.214826e+02
791           	5.214826e+02
792           	5.214825e+02
793           	5.214825e+02
794           	5.214824e+02
795           	5.214824e+02
796           	5.214823e+02
797           	5.214823e+02
798           	5.214822e+02
799           	5.214821e+02
800           	5.214820e+02
801           	5.214819e+02
802           	5.214818e+02
803           	5.214817e+02
804           	5.214816e+02
805           	5.214814e+02
806           	5.214813e+02
807           	5.214812e+02
808           	5.214811e+02
809           	5.214810e+02
810           	5.214809e+02
811           	5.214808e+02
812           	5.214807e+02
813           	5.214806e+02
814           	5.214806e+02
815           	5.214805e+02
816           	5.214804e+02
817           	5.214804e+02
818           	5.214803e+02
819           	5.214802e+02
820           	5.214802e+02
821           	5.214802e+02
822           	5.214801e+02
823           	5.214802e+02
824           	5.214802e+02
825           	5.214802e+02
826           	5.214802e+02
827           	5.214802e+02
828           	5.214802e+02
829           	5.214803e+02
830           	5.214803e+02
831           	5.214803e+02
832           	5.214804e+02
833           	5.214805e+02
834           	5.214805e+02
835           	5.214806e+02
836           	5.214807e+02
837           	5.214808e+02
838           	5.214809e+02
839           	5.214810e+02
840           	5.214811e+02
841           	5.214812e+02
842           	5.214813e+02
843           	5.214815e+02
844           	5.214816e+02
845           	5.214817e+02
846           	5.214819e+02
847           	5.214820e+02
848           	5.214822e+02
849           	5.214823e+02
850           	5.214825e+02
851           	5.214827e+02
852           	5.214829e+02
853           	5.214831e+02
854           	5.214832e+02
855           	5.214834e+02
856           	5.214836e+02
857           	5.214838e+02
858           	5.214841e+02
859           	5.214843e+02
860           	5.214845e+02
861           	5.214848e+02
862           	5.214850e+02
863           	5.214853e+02
864           	5.214855e+02
865           	5.214858e+02
866           	5.214861e+02
867           	5.214864e+02
868           	5.214867e+02
869           	5.214870e+02
870           	5.214874e+02
871           	5.214877e+02
872           	5.214881e+02
873           	5.214884e+02
874           	5.214888e+02
875           	5.214892e+02
876           	5.214896e+02
877           	5.214900e+02
878           	5.214905e+02
879           	5.214909e+02
880           	5.214913e+02
881           	5.214918e+02
882           	5.214923e+02
883           	5.214927e+02
884           	5.214932e+02
885           	5.214937e+02
886           	5.214942e+02
887           	5.214947e+02
888           	5.214952e+02
889           	5.214957e+02
890           	5.214963e+02
891           	5.214968e+02
892           	5.214973e+02
893           	5.214979e+02
894           	5.214984e+02
895           	5.214990e+02
896           	5.214996e+02
897           	5.215001e+02
898           	5.215007e+02
899           	5.215012e+02
900           	5.215018e+02
901           	5.215024e+02
902           	5.215029e+02
903           	5.215035e+02
904           	5.215040e+02
905           	5.215046e+02
906           	5.215051e+02
907           	5.215057e+02
908           	5.215062e+02
909           	5.215068e+02
910           	5.215073e+02
911           	5.215078e+02
912           	5.215083e+02
913           	5.215088e+02
914           	5.215093e+02
915           	5.215098e+02
916           	5.215103e+02
917           	5.215108e+02
918           	5.215113e+02
919           	5.215117e+02
920           	5.215122e+02
921           	5.215126e+02
922           	5.215131e+02
923           	5.215135e+02
924           	5.215139e+02
925           	5.215143e+02
926           	5.215148e+02
927           	5.215152e+02
928           	5.215156e+02
929           	5.215159e+02
930           	5.215163e+02
931           	5.215167e+02
932           	5.215171e+02
933           	5.215174e+02
934           	5.215178e+02
935           	5.215181e+02
936           	5.215184e+02
937           	5.215188e+02
938           	5.215191e+02
939           	5.215194e+02
940           	5.215197e+02
941           	5.215200e+02
942           	5.215202e+02
943           	5.215205e+02
944           	5.215208e+02
945           	5.215210e+02
946           	5.215213e+02
947           	5.215215e+02
948           	5.215218e+02
949           	5.215220e+02
950           	5.215222e+02
951           	5.215224e+02
952           	5.215226e+02
953           	5.215228e+02
954           	5.215230e+02
955           	5.215232e+02
956           	5.215234e+02
957           	5.215236e+02
958           	5.215237e+02
959           	5.215239e+02
960           	5.215241e+02
961           	5.215242e+02
962           	5.215244e+02
963           	5.215245e+02
964           	5.215247e+02
965           	5.215248e+02
966           	5.215249e+02
967           	5.215251e+02
968           	5.215252e+02
969           	5.215253e+02
970           	5.215254e+02
971           	5.215255e+02
972           	5.215257e+02
973           	5.215258e+02
974           	5.215259e+02
975           	5.215259e+02
976           	5.215260e+02
977           	5.215261e+02
978           	5.215262e+02
979           	5.215263e+02
980           	5.215263e+02
981           	5.215264e+02
982           	5.215265e+02
983           	5.215265e+02
984           	5.215266e+02
985           	5.215266e+02
986           	5.215266e+02
987           	5.215266e+02
988           	5.215266e+02
989           	5.215266e+02
990           	5.215266e+02
991           	5.215266e+02
992           	5.215266e+02
993           	5.215265e+02
994           	5.215265e+02
995           	5.215264e+02
996           	5.215263e+02
997           	5.215263e+02
998           	5.215262e+02
999           	5.215261e+02
1000          	5.215261e+02
1001          	5.215260e+02
1002          	5.215259e+02
1003          	5.215258e+02
1004          	5.215257e+02
1005          	5.215256e+02
1006          	5.215255e+02
1007          	5.215254e+02
1008          	5.215253e+02
1009          	5.215252e+02
1010          	5.215251e+02
1011          	5.215250e+02
1012          	5.215249e+02
1013          	5.215247e+02
1014          	5.215246e+02
1015          	5.215245e+02
1016          	5.215244e+02
1017          	5.215242e+02
1018          	5.215241e+02
1019          	5.215240e+02
1020          	5.215238e+02
1021          	5.215237e+02
1022          	5.215235e+02
1023          	5.215234e+02
1024          	5.215233e+02
1025          	5.215231e+02
1026          	5.215230e+02
1027          	5.215229e+02
1028          	5.215227e+02
1029          	5.215226e+02
1030          	5.215225e+02
1031          	5.215224e+02
1032          	5.215222e+02
1033          	5.215221e+02
1034          	5.215220e+02
1035          	5.215219e+02
1036          	5.215218e+02
1037          	5.215217e+02
1038          	5.215216e+02
1039          	5.215215e+02
1040          	5.215214e+02
1041          	5.215214e+02
1042          	5.215213e+02
1043          	5.215212e+02
1044          	5.215212e+02
1045          	5.215211e+02
1046          	5.215211e+02
1047          	5.215210e+02
1048          	5.215210e+02
1049          	5.215210e+02
1050          	5.215209e+02
1051          	5.215210e+02
1052          	5.215210e+02
1053          	5.215210e+02
1054          	5.215211e+02
1055          	5.215211e+02
1056          	5.215212e+02
1057          	5.215212e+02
1058          	5.215213e+02
1059          	5.215213e+02
1060          	5.215214e+02
1061          	5.215215e+02
1062          	5.215216e+02
1063          	5.215216e+02
1064          	5.215217e+02
1065          	5.215218e+02
1066          	5.215219e+02
1067          	5.215220e+02
1068          	5.215221e+02
1069          	5.215221e+02
1070          	5.215222e+02
1071          	5.215223e+02
1072          	5.215224e+02
1073          	5.215225e+02
1074          	5.215226e+02
1075          	5.215227e+02
1076          	5.215228e+02
1077          	5.215229e+02
1078          	5.215229e+02
1079          	5.215230e+02
1080          	5.215231e+02
1081          	5.215232e+02
1082          	5.215233e+02
1083          	5.215233e+02
1084          	5.215234e+02
1085          	5.215235e+02
1086          	5.215236e+02
1087          	5.215236e+02
1088          	5.215237e+02
1089          	5.215237e+02
1090          	5.215238e+02
1091          	5.215239e+02
1092          	5.215239e+02
1093          	5.215240e+02
1094          	5.215240e+02
1095          	5.215240e+02
1096          	5.215241e+02
1097          	5.215241e+02
1098          	5.215241e+02
1099          	5.215241e+02
1100          	5.215241e+02
1101          	5.215241e+02
1102          	5.215241e+02
1103          	5.215240e+02
1104          	5.215240e+02
1105          	5.215240e+02
1106          	5.215239e+02
1107          	5.215239e+02
1108          	5.215238e+02
1109          	5.215238e+02
1110          	5.215237e+02
1111          	5.215236e+02
1112          	5.215236e+02
1113          	5.215235e+02
1114          	5.215234e+02
1115          	5.215233e+02
1116          	5.215232e+02
1117          	5.215232e+02
1118          	5.215231e+02
1119          	5.215230e+02
1120          	5.215229e+02
1121          	5.215228e+02
1122          	5.215226e+02
1123          	5.215225e+02
1124          	5.215224e+02
1125          	5.215223e+02
1126          	5.215222e+02
1127          	5.215221e+02
1128          	5.215220e+02
1129          	5.215218e+02
1130          	5.215217e+02
1131          	5.215216e+02
1132          	5.215215e+02
1133          	5.215213e+02
1134          	5.215212e+02
1135          	5.215211e+02
1136          	5.215209e+02
1137          	5.215208e+02
1138          	5.215207e+02
1139          	5.215206e+02
1140          	5.215204e+02
1141          	5.215203e+02
1142          	5.215202e+02
1143          	5.215200e+02
1144          	5.215199e+02
1145          	5.215198e+02
1146          	5.215197e+02
1147          	5.215196e+02
1148          	5.215194e+02
1149          	5.215193e+02
1150          	5.215192e+02
1151          	5.215191e+02
1152          	5.215190e+02
1153          	5.215189e+02
1154          	5.215188e+02
1155          	5.215187e+02
1156          	5.215186e+02
1157          	5.215185e+02
1158          	5.215184e+02
1159          	5.215183e+02
1160          	5.215182e+02
1161          	5.215182e+02
1162          	5.215181e+02
1163          	5.215180e+02
1164          	5.215179e+02
1165          	5.215179e+02
1166          	5.215178e+02
1167          	5.215177e+02
1168          	5.215177e+02
1169          	5.215176e+02
1170          	5.215176e+02
1171          	5.215176e+02
1172          	5.215175e+02
1173          	5.215175e+02
1174          	5.215175e+02
1175          	5.215175e+02
1176          	5.215175e+02
1177          	5.215175e+02
1178          	5.215175e+02
1179          	5.215175e+02
1180          	5.215175e+02
1181          	5.215176e+02
1182          	5.215176e+02
1183          	5.215177e+02
1184          	5.215177e+02
1185          	5.215178e+02
1186          	5.215179e+02
1187          	5.215179e+02
1188          	5.215180e+02
1189          	5.215181e+02
1190          	5.215182e+02
1191          	5.215183e+02
1192          	5.215184e+02
1193          	5.215185e+02
1194          	5.215186e+02
1195          	5.215187e+02
1196          	5.215188e+02
1197          	5.215189e+02
1198          	5.215191e+02
1199          	5.215192e+02
1200          	5.215193e+02
1201          	5.215195e+02
1202          	5.215196e+02
1203          	5.215198e+02
1204          	5.215199e+02
1205          	5.215201e+02
1206          	5.215203e+02
1207          	5.215204e+02
1208          	5.215206e+02
1209          	5.215208e+02
1210          	5.215210e+02
1211          	5.215212e+02
1212          	5.215213e+02
1213          	5.215215e+02
1214          	5.215217e+02
1215          	5.215219e+02
1216          	5.215221e+02
1217          	5.215223e+02
1218          	5.215225e+02
1219          	5.215227e+02
1220          	5.215229e+02
1221          	5.215231e+02
1222          	5.215233e+02
1223          	5.215236e+02
1224          	5.215238e+02
1225          	5.215240e+02
1226          	5.215242e+02
1227          	5.215244e+02
1228          	5.215246e+02
1229          	5.215248e+02
1230          	5.215250e+02
1231          	5.215253e+02
1232          	5.215255e+02
1233          	5.215257e+02
1234          	5.215259e+02
1235          	5.215261e+02
1236          	5.215263e+02
1237          	5.215265e+02
1238          	5.215267e+02
1239          	5.215269e+02
1240          	5.215271e+02
1241          	5.215273e+02
1242          	5.215275e+02
1243          	5.215277e+02
1244          	5.215279e+02
1245          	5.215281e+02
1246          	5.215283e+02
1247          	5.215285e+02
1248          	5.215287e+02
1249          	5.215289e+02
1250          	5.215290e+02
1251          	5.215292e+02
1252          	5.215294e+02
1253          	5.215296e+02
1254          	5.215297e+02
1255          	5.215299e+02
1256          	5.215301e+02
1257          	5.215302e+02
1258          	5.215304e+02
1259          	5.215305e+02
1260          	5.215307e+02
1261          	5.215308e+02
1262          	5.215310e+02
1263          	5.215311e+02
1264          	5.215313e+02
1265          	5.215314e+02
1266          	5.215315e+02
1267          	5.215316e+02
1268          	5.215318e+02
1269          	5.215319e+02
1270          	5.215320e+02
1271          	5.215321e+02
1272          	5.215322e+02
1273          	5.215323e+02
1274          	5.215324e+02
1275          	5.215325e+02
1276          	5.215326e+02
1277          	5.215327e+02
1278          	5.215328e+02
1279          	5.215328e+02
1280          	5.215329e+02
1281          	5.215330e+02
1282          	5.215331e+02
1283          	5.215331e+02
1284          	5.215332e+02
1285          	5.215333e+02
1286          	5.215333e+02
1287          	5.215334e+02
1288          	5.215334e+02
1289          	5.215335e+02
1290          	5.215335e+02
1291          	5.215335e+02
1292          	5.215336e+02
1293          	5.215336e+02
1294          	5.215336e+02
1295          	5.215336e+02
1296          	5.215336e+02
1297          	5.215336e+02
1298          	5.215336e+02
1299          	5.215336e+02
1300          	5.215336e+02
1301          	5.215336e+02
1302          	5.215336e+02
1303          	5.215336e+02
1304          	5.215336e+02
1305          	5.215336e+02
1306          	5.215336e+02
1307          	5.215336e+02
1308          	5.215336e+02
1309          	5.215336e+02
1310          	5.215336e+02
1311          	5.215336e+02
1312          	5.215336e+02
1313          	5.215336e+02
1314          	5.215336e+02
1315          	5.215336e+02
1316          	5.215336e+02
1317          	5.215335e+02
1318          	5.215335e+02
1319          	5.215335e+02
1320          	5.215335e+02
1321          	5.215335e+02
1322          	5.215335e+02
1323          	5.215335e+02
1324          	5.215335e+02
1325          	5.215335e+02
1326          	5.215335e+02
1327          	5.215335e+02
1328          	5.215335e+02
1329          	5.215335e+02
1330          	5.215335e+02
1331          	5.215335e+02
1332          	5.215335e+02
1333          	5.215335e+02
1334          	5.215335e+02
1335          	5.215335e+02
1336          	5.215335e+02
1337          	5.215335e+02
1338          	5.215335e+02
1339          	5.215335e+02
1340          	5.215335e+02
1341          	5.215335e+02
1342          	5.215335e+02
1343          	5.215335e+02
1344          	5.215335e+02
1345          	5.215336e+02
1346          	5.215335e+02
1347          	5.215336e+02
1348          	5.215336e+02
1349          	5.215336e+02
1350          	5.215336e+02
1351          	5.215336e+02
1352          	5.215336e+02
1353          	5.215337e+02
1354          	5.215337e+02
1355          	5.215337e+02
1356          	5.215338e+02
1357          	5.215338e+02
1358          	5.215339e+02
1359          	5.215339e+02
1360          	5.215340e+02
1361          	5.215340e+02
1362          	5.215341e+02
1363          	5.215342e+02
1364          	5.215342e+02
1365          	5.215343e+02
1366          	5.215344e+02
1367          	5.215344e+02
1368          	5.215345e+02
1369          	5.215346e+02
1370          	5.215347e+02
1371          	5.215348e+02
1372          	5.215348e+02
1373          	5.215349e+02
1374          	5.215350e+02
1375          	5.215351e+02
1376          	5.215352e+02
1377          	5.215353e+02
1378          	5.215354e+02
1379          	5.215355e+02
1380          	5.215356e+02
1381          	5.215357e+02
1382          	5.215358e+02
1383          	5.215359e+02
1384          	5.215360e+02
1385          	5.215361e+02
1386          	5.215362e+02
1387          	5.215363e+02
1388          	5.215364e+02
1389          	5.215365e+02
1390          	5.215366e+02
1391          	5.215367e+02
1392          	5.215368e+02
1393          	5.215369e+02
1394          	5.215370e+02
1395          	5.215371e+02
1396          	5.215372e+02
1397          	5.215373e+02
1398          	5.215374e+02
1399          	5.215375e+02
1400          	5.215376e+02
1401          	5.215377e+02
1402          	5.215378e+02
1403          	5.215379e+02
1404          	5.215380e+02
1405          	5.215381e+02
1406          	5.215381e+02
1407          	5.215382e+02
1408          	5.215383e+02
1409          	5.215384e+02
1410          	5.215385e+02
1411          	5.215386e+02
1412          	5.215387e+02
1413          	5.215387e+02
1414          	5.215388e+02
1415          	5.215389e+02
1416          	5.215390e+02
1417          	5.215390e+02
1418          	5.215391e+02
1419          	5.215391e+02
1420          	5.215392e+02
1421          	5.215393e+02
1422          	5.215393e+02
1423          	5.215394e+02
1424          	5.215394e+02
1425          	5.215395e+02
1426          	5.215395e+02
1427          	5.215396e+02
1428          	5.215396e+02
1429          	5.215397e+02
1430          	5.215397e+02
1431          	5.215397e+02
1432          	5.215398e+02
1433          	5.215397e+02
1434          	5.215398e+02
1435          	5.215397e+02
1436          	5.215397e+02
1437          	5.215397e+02
1438          	5.215397e+02
1439          	5.215397e+02
1440          	5.215397e+02
1441          	5.215397e+02
1442          	5.215397e+02
1443          	5.215397e+02
1444          	5.215397e+02
1445          	5.215397e+02
1446          	5.215397e+02
1447          	5.215397e+02
1448          	5.215396e+02
1449          	5.215396e+02
1450          	5.215396e+02
1451          	5.215395e+02
1452          	5.215395e+02
1453          	5.215395e+02
1454          	5.215394e+02
1455          	5.215394e+02
1456          	5.215393e+02
1457          	5.215393e+02
1458          	5.215392e+02
1459          	5.215392e+02
1460          	5.215391e+02
1461          	5.215390e+02
1462          	5.215390e+02
1463          	5.215389e+02
1464          	5.215389e+02
1465          	5.215388e+02
1466          	5.215387e+02
1467          	5.215387e+02
1468          	5.215386e+02
1469          	5.215385e+02
1470          	5.215385e+02
1471          	5.215384e+02
1472          	5.215383e+02
1473          	5.215383e+02
1474          	5.215382e+02
1475          	5.215381e+02
1476          	5.215381e+02
1477          	5.215380e+02
1478          	5.215379e+02
1479          	5.215378e+02
1480          	5.215378e+02
1481          	5.215377e+02
1482          	5.215376e+02
1483          	5.215376e+02
1484          	5.215375e+02
1485          	5.215374e+02
1486          	5.215374e+02
1487          	5.215373e+02
1488          	5.215372e+02
1489          	5.215372e+02
1490          	5.215371e+02
1491          	5.215370e+02
1492          	5.215370e+02
1493          	5.215369e+02
1494          	5.215369e+02
1495          	5.215368e+02
1496          	5.215367e+02
1497          	5.215367e+02
1498          	5.215366e+02
1499          	5.215366e+02
1500          	5.215365e+02
1501          	5.215365e+02
1502          	5.215364e+02
1503          	5.215364e+02
1504          	5.215363e+02
1505          	5.215363e+02
1506          	5.215363e+02
1507          	5.215362e+02
1508          	5.215362e+02
1509          	5.215361e+02
1510          	5.215361e+02
1511          	5.215361e+02
1512          	5.215361e+02
1513          	5.215361e+02
1514          	5.215361e+02
1515          	5.215361e+02
1516          	5.215361e+02
1517          	5.215361e+02
1518          	5.215361e+02
1519          	5.215361e+02
1520          	5.215361e+02
1521          	5.215361e+02
1522          	5.215361e+02
1523          	5.215361e+02
1524          	5.215361e+02
1525          	5.215361e+02
1526          	5.215361e+02
1527          	5.215361e+02
1528          	5.215361e+02
1529          	5.215361e+02
1530          	5.215361e+02
1531          	5.215361e+02
1532          	5.215362e+02
1533          	5.215362e+02
1534          	5.215362e+02
1535          	5.215362e+02
1536          	5.215363e+02
1537          	5.215363e+02
1538          	5.215364e+02
1539          	5.215364e+02
1540          	5.215365e+02
1541          	5.215365e+02
1542          	5.215365e+02
1543          	5.215366e+02
1544          	5.215366e+02
1545          	5.215367e+02
1546          	5.215367e+02
1547          	5.215368e+02
1548          	5.215368e+02
1549          	5.215369e+02
1550          	5.215369e+02
1551          	5.215370e+02
1552          	5.215371e+02
1553          	5.215371e+02
1554          	5.215372e+02
1555          	5.215372e+02
1556          	5.215373e+02
1557          	5.215373e+02
1558          	5.215374e+02
1559          	5.215375e+02
1560          	5.215375e+02
1561          	5.215376e+02
1562          	5.215376e+02
1563          	5.215377e+02
1564          	5.215377e+02
1565          	5.215378e+02
1566          	5.215379e+02
1567          	5.215379e+02
1568          	5.215380e+02
1569          	5.215380e+02
1570          	5.215381e+02
1571          	5.215381e+02
1572          	5.215382e+02
1573          	5.215382e+02
1574          	5.215383e+02
1575          	5.215383e+02
1576          	5.215384e+02
1577          	5.215384e+02
1578          	5.215385e+02
1579          	5.215385e+02
1580          	5.215386e+02
1581          	5.215386e+02
1582          	5.215386e+02
1583          	5.215387e+02
1584          	5.215387e+02
1585          	5.215387e+02
1586          	5.215388e+02
1587          	5.215388e+02
1588          	5.215388e+02
1589          	5.215388e+02
1590          	5.215388e+02
1591          	5.215388e+02
1592          	5.215388e+02
1593          	5.215388e+02
1594          	5.215388e+02
1595          	5.215388e+02
1596          	5.215388e+02
1597          	5.215388e+02
1598          	5.215388e+02
1599          	5.215388e+02
1600          	5.215388e+02
1601          	5.215388e+02
1602          	5.215388e+02
1603          	5.215388e+02
1604          	5.215388e+02
1605          	5.215388e+02
1606          	5.215388e+02
1607          	5.215388e+02
1608          	5.215388e+02
1609          	5.215388e+02
1610          	5.215388e+02
1611          	5.215388e+02
1612          	5.215388e+02
1613          	5.215387e+02
1614          	5.215387e+02
1615          	5.215387e+02
1616          	5.215387e+02
1617          	5.215387e+02
1618          	5.215387e+02
1619          	5.215387e+02
1620          	5.215386e+02
1621          	5.215386e+02
1622          	5.215386e+02
1623          	5.215385e+02
1624          	5.215385e+02
1625          	5.215384e+02
1626          	5.215384e+02
1627          	5.215384e+02
1628          	5.215383e+02
1629          	5.215383e+02
1630          	5.215382e+02
1631          	5.215382e+02
1632          	5.215381e+02
1633          	5.215381e+02
1634          	5.215380e+02
1635          	5.215380e+02
1636          	5.215379e+02
1637          	5.215379e+02
1638          	5.215378e+02
1639          	5.215378e+02
1640          	5.215377e+02
1641          	5.215377e+02
1642          	5.215376e+02
1643          	5.215376e+02
1644          	5.215375e+02
1645          	5.215375e+02
1646          	5.215374e+02
1647          	5.215374e+02
1648          	5.215373e+02
1649          	5.215373e+02
1650          	5.215372e+02
1651          	5.215372e+02
1652          	5.215371e+02
1653          	5.215371e+02
1654          	5.215370e+02
1655          	5.215370e+02
1656          	5.215370e+02
1657          	5.215369e+02
1658          	5.215369e+02
1659          	5.215368e+02
1660          	5.215368e+02
1661          	5.215368e+02
1662          	5.215367e+02
1663          	5.215367e+02
1664          	5.215367e+02
1665          	5.215366e+02
1666          	5.215366e+02
1667          	5.215366e+02
1668          	5.215366e+02
1669          	5.215366e+02
1670          	5.215366e+02
1671          	5.215366e+02
1672          	5.215366e+02
1673          	5.215366e+02
1674          	5.215366e+02
1675          	5.215366e+02
1676          	5.215366e+02
1677          	5.215366e+02
1678          	5.215366e+02
1679          	5.215366e+02
1680          	5.215366e+02
1681          	5.215366e+02
1682          	5.215366e+02
1683          	5.215366e+02
1684          	5.215366e+02
1685          	5.215366e+02
1686          	5.215366e+02
1687          	5.215366e+02
1688          	5.215366e+02
1689          	5.215366e+02
1690          	5.215366e+02
1691          	5.215366e+02
1692          	5.215366e+02
1693          	5.215366e+02
1694          	5.215366e+02
1695          	5.215366e+02
1696          	5.215366e+02
1697          	5.215366e+02
1698          	5.215366e+02
1699          	5.215366e+02
1700          	5.215366e+02
1701          	5.215366e+02
1702          	5.215367e+02
1703          	5.215367e+02
1704          	5.215367e+02
1705          	5.215367e+02
1706          	5.215368e+02
1707          	5.215368e+02
1708          	5.215368e+02
1709          	5.215368e+02
1710          	5.215368e+02
1711          	5.215369e+02
1712          	5.215369e+02
1713          	5.215369e+02
1714          	5.215370e+02
1715          	5.215370e+02
1716          	5.215370e+02
1717          	5.215370e+02
1718          	5.215371e+02
1719          	5.215371e+02
1720          	5.215371e+02
1721          	5.215372e+02
1722          	5.215372e+02
1723          	5.215372e+02
1724          	5.215372e+02
1725          	5.215373e+02
1726          	5.215373e+02
1727          	5.215374e+02
1728          	5.215374e+02
1729          	5.215375e+02
1730          	5.215375e+02
1731          	5.215375e+02
1732          	5.215376e+02
1733          	5.215376e+02
1734          	5.215377e+02
1735          	5.215377e+02
1736          	5.215377e+02
1737          	5.215378e+02
1738          	5.215378e+02
1739          	5.215379e+02
1740          	5.215379e+02
1741          	5.215379e+02
1742          	5.215380e+02
1743          	5.215380e+02
1744          	5.215380e+02
1745          	5.215380e+02
1746          	5.215380e+02
1747          	5.215380e+02
1748          	5.215380e+02
1749          	5.215380e+02
1750          	5.215380e+02
1751          	5.215380e+02
1752          	5.215380e+02
1753          	5.215380e+02
1754          	5.215380e+02
1755          	5.215380e+02
1756          	5.215380e+02
1757          	5.215380e+02
1758          	5.215380e+02
1759          	5.215380e+02
1760          	5.215380e+02
1761          	5.215380e+02
1762          	5.215380e+02
1763          	5.215380e+02
1764          	5.215380e+02
1765          	5.215380e+02
1766          	5.215380e+02
1767          	5.215380e+02
1768          	5.215380e+02
1769          	5.215380e+02
1770          	5.215380e+02
1771          	5.215380e+02
1772          	5.215380e+02
1773          	5.215380e+02
1774          	5.215380e+02
1775          	5.215380e+02
1776          	5.215380e+02
1777          	5.215380e+02
1778          	5.215380e+02
1779          	5.215380e+02
1780          	5.215380e+02
1781          	5.215380e+02
1782          	5.215379e+02
1783          	5.215379e+02
1784          	5.215379e+02
1785          	5.215379e+02
1786          	5.215379e+02
1787          	5.215379e+02
1788          	5.215379e+02
1789          	5.215379e+02
1790          	5.215379e+02
1791          	5.215379e+02
1792          	5.215379e+02
1793          	5.215379e+02
1794          	5.215379e+02
1795          	5.215378e+02
1796          	5.215378e+02
1797          	5.215378e+02
1798          	5.215378e+02
1799          	5.215378e+02
1800          	5.215378e+02
1801          	5.215377e+02
1802          	5.215377e+02
1803          	5.215377e+02
1804          	5.215377e+02
1805          	5.215377e+02
1806          	5.215377e+02
1807          	5.215376e+02
1808          	5.215376e+02
1809          	5.215376e+02
1810          	5.215376e+02
1811          	5.215376e+02
1812          	5.215375e+02
1813          	5.215375e+02
1814          	5.215375e+02
1815          	5.215374e+02
1816          	5.215374e+02
1817          	5.215374e+02
1818          	5.215374e+02
1819          	5.215373e+02
1820          	5.215373e+02
1821          	5.215373e+02
1822          	5.215373e+02
1823          	5.215372e+02
1824          	5.215372e+02
1825          	5.215372e+02
1826          	5.215372e+02
1827          	5.215372e+02
1828          	5.215372e+02
1829          	5.215372e+02
1830          	5.215372e+02
1831          	5.215372e+02
1832          	5.215372e+02
1833          	5.215372e+02
1834          	5.215372e+02
1835          	5.215372e+02
1836          	5.215372e+02
1837          	5.215372e+02
1838          	5.215372e+02
1839          	5.215372e+02
1840          	5.215372e+02
1841          	5.215372e+02
1842          	5.215372e+02
1843          	5.215372e+02
1844          	5.215372e+02
1845          	5.215372e+02
1846          	5.215372e+02
1847          	5.215373e+02
1848          	5.215372e+02
1849          	5.215372e+02
1850          	5.215372e+02
1851          	5.215372e+02
1852          	5.215372e+02
1853          	5.215373e+02
1854          	5.215373e+02
1855          	5.215373e+02
1856          	5.215373e+02
1857          	5.215373e+02
1858          	5.215373e+02
1859          	5.215373e+02
1860          	5.215373e+02
1861          	5.215373e+02
1862          	5.215373e+02
1863          	5.215373e+02
1864          	5.215373e+02
1865          	5.215373e+02
1866          	5.215373e+02
1867          	5.215373e+02
1868          	5.215373e+02
1869          	5.215373e+02
1870          	5.215373e+02
1871          	5.215373e+02
1872          	5.215373e+02
1873          	5.215373e+02
1874          	5.215373e+02
1875          	5.215373e+02
1876          	5.215373e+02
1877          	5.215373e+02
1878          	5.215373e+02
1879          	5.215373e+02
1880          	5.215373e+02
1881          	5.215373e+02
1882          	5.215373e+02
1883          	5.215374e+02
1884          	5.215374e+02
1885          	5.215374e+02
1886          	5.215374e+02
1887          	5.215374e+02
1888          	5.215374e+02
1889          	5.215374e+02
1890          	5.215374e+02
1891          	5.215374e+02
1892          	5.215374e+02
1893          	5.215374e+02
1894          	5.215374e+02
1895          	5.215374e+02
1896          	5.215374e+02
1897          	5.215374e+02
1898          	5.215374e+02
1899          	5.215374e+02
1900          	5.215374e+02
1901          	5.215374e+02
1902          	5.215374e+02
1903          	5.215374e+02
1904          	5.215374e+02
1905          	5.215374e+02
1906          	5.215374e+02
1907          	5.215374e+02
1908          	5.215374e+02
1909          	5.215374e+02
1910          	5.215374e+02
1911          	5.215374e+02
1912          	5.215374e+02
1913          	5.215374e+02
1914          	5.215374e+02
1915          	5.215374e+02
1916          	5.215374e+02
1917          	5.215374e+02
1918          	5.215374e+02
1919          	5.215374e+02
1920          	5.215374e+02
1921          	5.215374e+02
1922          	5.215374e+02
1923          	5.215374e+02
1924          	5.215374e+02
1925          	5.215374e+02
1926          	5.215374e+02
1927          	5.215374e+02
1928          	5.215374e+02
1929          	5.215374e+02
1930          	5.215374e+02
1931          	5.215374e+02
1932          	5.215374e+02
1933          	5.215374e+02
1934          	5.215374e+02
1935          	5.215374e+02
1936          	5.215374e+02
1937          	5.215374e+02
1938          	5.215374e+02
1939          	5.215374e+02
1940          	5.215374e+02
1941          	5.215374e+02
1942          	5.215374e+02
1943          	5.215374e+02
1944          	5.215374e+02
1945          	5.215374e+02
1946          	5.215374e+02
1947          	5.215374e+02
1948          	5.215374e+02
1949          	5.215374e+02
1950          	5.215374e+02
1951          	5.215374e+02
1952          	5.215374e+02
1953          	5.215374e+02
1954          	5.215374e+02
1955          	5.215374e+02
1956          	5.215374e+02
1957          	5.215374e+02
1958          	5.215374e+02
1959          	5.215374e+02
1960          	5.215374e+02
1961          	5.215374e+02
1962          	5.215374e+02
1963          	5.215374e+02
1964          	5.215374e+02
1965          	5.215374e+02
1966          	5.215374e+02
1967          	5.215374e+02
1968          	5.215374e+02
1969          	5.215374e+02
1970          	5.215374e+02
1971          	5.215374e+02
1972          	5.215374e+02
1973          	5.215374e+02
1974          	5.215374e+02
1975          	5.215374e+02
1976          	5.215374e+02
1977          	5.215374e+02
1978          	5.215374e+02
1979          	5.215374e+02
1980          	5.215374e+02
1981          	5.215374e+02
1982          	5.215374e+02
1983          	5.215374e+02
1984          	5.215374e+02
1985          	5.215374e+02
1986          	5.215374e+02
1987          	5.215374e+02
1988          	5.215374e+02
1989          	5.215374e+02
1990          	5.215374e+02
1991          	5.215374e+02
1992          	5.215374e+02
1993          	5.215374e+02
1994          	5.215374e+02
1995          	5.215374e+02
1996          	5.215374e+02
1997          	5.215374e+02
1998          	5.215374e+02
1999          	5.215374e+02
2000          	5.215374e+02
