# Region      : all 
# Cells       : 617
# Volume      : 1.000000e-06
# Time        	volAverage(T)
0             	2.969000e+02
1             	3.087652e+02
2             	3.112198e+02
3             	3.137898e+02
4             	3.162299e+02
5             	3.186142e+02
6             	3.209558e+02
7             	3.232658e+02
8             	3.255502e+02
9             	3.278126e+02
10            	3.300552e+02
11            	3.322795e+02
12            	3.344864e+02
13            	3.366766e+02
14            	3.388505e+02
15            	3.410085e+02
16            	3.431508e+02
17            	3.452775e+02
18            	3.473889e+02
19            	3.494851e+02
20            	3.515664e+02
21            	3.536328e+02
22            	3.556844e+02
23            	3.577214e+02
24            	3.597439e+02
25            	3.617521e+02
26            	3.637460e+02
27            	3.657258e+02
28            	3.676916e+02
29            	3.696436e+02
30            	3.715817e+02
31            	3.735062e+02
32            	3.754170e+02
33            	3.773141e+02
34            	3.791974e+02
35            	3.810669e+02
36            	3.829228e+02
37            	3.847651e+02
38            	3.865940e+02
39            	3.884095e+02
40            	3.902116e+02
41            	3.920004e+02
42            	3.937760e+02
43            	3.955385e+02
44            	3.972880e+02
45            	3.990247e+02
46            	4.007485e+02
47            	4.024596e+02
48            	4.041582e+02
49            	4.058443e+02
50            	4.075179e+02
51            	4.091793e+02
52            	4.108284e+02
53            	4.124654e+02
54            	4.140903e+02
55            	4.157033e+02
56            	4.173044e+02
57            	4.188937e+02
58            	4.204713e+02
59            	4.220373e+02
60            	4.235918e+02
61            	4.251349e+02
62            	4.266667e+02
63            	4.281873e+02
64            	4.296968e+02
65            	4.311952e+02
66            	4.326828e+02
67            	4.341595e+02
68            	4.356254e+02
69            	4.370807e+02
70            	4.385255e+02
71            	4.399598e+02
72            	4.413837e+02
73            	4.427972e+02
74            	4.442005e+02
75            	4.455935e+02
76            	4.469765e+02
77            	4.483493e+02
78            	4.497121e+02
79            	4.510650e+02
80            	4.524080e+02
81            	4.537413e+02
82            	4.550648e+02
83            	4.563787e+02
84            	4.576830e+02
85            	4.589778e+02
86            	4.602632e+02
87            	4.615393e+02
88            	4.628060e+02
89            	4.640636e+02
90            	4.653120e+02
91            	4.665513e+02
92            	4.677816e+02
93            	4.690031e+02
94            	4.702157e+02
95            	4.714195e+02
96            	4.726145e+02
97            	4.738009e+02
98            	4.749787e+02
99            	4.761479e+02
100           	4.773087e+02
101           	4.784609e+02
102           	4.796048e+02
103           	4.807404e+02
104           	4.818678e+02
105           	4.829869e+02
106           	4.840979e+02
107           	4.852009e+02
108           	4.862958e+02
109           	4.873828e+02
110           	4.884619e+02
111           	4.895331e+02
112           	4.905965e+02
113           	4.916522e+02
114           	4.927002e+02
115           	4.937405e+02
116           	4.947733e+02
117           	4.957985e+02
118           	4.968161e+02
119           	4.978263e+02
120           	4.988291e+02
121           	4.998246e+02
122           	5.008127e+02
123           	5.017935e+02
124           	5.027672e+02
125           	5.037337e+02
126           	5.046931e+02
127           	5.056454e+02
128           	5.065907e+02
129           	5.075291e+02
130           	5.084607e+02
131           	5.093853e+02
132           	5.103032e+02
133           	5.112144e+02
134           	5.121188e+02
135           	5.130166e+02
136           	5.139077e+02
137           	5.147923e+02
138           	5.156703e+02
139           	5.165418e+02
140           	5.174069e+02
141           	5.182656e+02
142           	5.191179e+02
143           	5.199639e+02
144           	5.208037e+02
145           	5.216372e+02
146           	5.224645e+02
147           	5.232856e+02
148           	5.241007e+02
149           	5.249097e+02
150           	5.257126e+02
151           	5.265096e+02
152           	5.273006e+02
153           	5.280858e+02
154           	5.288650e+02
155           	5.296385e+02
156           	5.304062e+02
157           	5.311681e+02
158           	5.319244e+02
159           	5.326750e+02
160           	5.334200e+02
161           	5.341595e+02
162           	5.348934e+02
163           	5.356219e+02
164           	5.363449e+02
165           	5.370625e+02
166           	5.377748e+02
167           	5.384817e+02
168           	5.391833e+02
169           	5.398797e+02
170           	5.405709e+02
171           	5.412569e+02
172           	5.419378e+02
173           	5.426135e+02
174           	5.432843e+02
175           	5.439500e+02
176           	5.446107e+02
177           	5.452664e+02
178           	5.459173e+02
179           	5.465633e+02
180           	5.472045e+02
181           	5.478408e+02
182           	5.484724e+02
183           	5.490993e+02
184           	5.497214e+02
185           	5.503389e+02
186           	5.509518e+02
187           	5.515600e+02
188           	5.521637e+02
189           	5.527628e+02
190           	5.533574e+02
191           	5.539476e+02
192           	5.545333e+02
193           	5.551145e+02
194           	5.556914e+02
195           	5.562639e+02
196           	5.568321e+02
197           	5.573960e+02
198           	5.579557e+02
199           	5.585111e+02
200           	5.590623e+02
201           	5.596094e+02
202           	5.601523e+02
203           	5.606912e+02
204           	5.612259e+02
205           	5.617566e+02
206           	5.622833e+02
207           	5.628060e+02
208           	5.633248e+02
209           	5.638396e+02
210           	5.643506e+02
211           	5.648577e+02
212           	5.653609e+02
213           	5.658604e+02
214           	5.663560e+02
215           	5.668479e+02
216           	5.673361e+02
217           	5.678205e+02
218           	5.683014e+02
219           	5.687786e+02
220           	5.692522e+02
221           	5.697222e+02
222           	5.701887e+02
223           	5.706517e+02
224           	5.711112e+02
225           	5.715672e+02
226           	5.720198e+02
227           	5.724690e+02
228           	5.729147e+02
229           	5.733571e+02
230           	5.737962e+02
231           	5.742319e+02
232           	5.746644e+02
233           	5.750936e+02
234           	5.755195e+02
235           	5.759422e+02
236           	5.763618e+02
237           	5.767782e+02
238           	5.771914e+02
239           	5.776015e+02
240           	5.780085e+02
241           	5.784125e+02
242           	5.788134e+02
243           	5.792112e+02
244           	5.796061e+02
245           	5.799980e+02
246           	5.803869e+02
247           	5.807729e+02
248           	5.811560e+02
249           	5.815362e+02
250           	5.819135e+02
251           	5.822879e+02
252           	5.826595e+02
253           	5.830283e+02
254           	5.833943e+02
255           	5.837576e+02
256           	5.841180e+02
257           	5.844757e+02
258           	5.848307e+02
259           	5.851830e+02
260           	5.855326e+02
261           	5.858796e+02
262           	5.862239e+02
263           	5.865656e+02
264           	5.869046e+02
265           	5.872411e+02
266           	5.875750e+02
267           	5.879064e+02
268           	5.882352e+02
269           	5.885615e+02
270           	5.888854e+02
271           	5.892067e+02
272           	5.895256e+02
273           	5.898421e+02
274           	5.901562e+02
275           	5.904679e+02
276           	5.907771e+02
277           	5.910841e+02
278           	5.913886e+02
279           	5.916909e+02
280           	5.919908e+02
281           	5.922885e+02
282           	5.925838e+02
283           	5.928769e+02
284           	5.931677e+02
285           	5.934562e+02
286           	5.937426e+02
287           	5.940267e+02
288           	5.943087e+02
289           	5.945885e+02
290           	5.948661e+02
291           	5.951417e+02
292           	5.954151e+02
293           	5.956864e+02
294           	5.959556e+02
295           	5.962228e+02
296           	5.964879e+02
297           	5.967510e+02
298           	5.970120e+02
299           	5.972711e+02
300           	5.975282e+02
301           	5.977832e+02
302           	5.980364e+02
303           	5.982876e+02
304           	5.985368e+02
305           	5.987842e+02
306           	5.990296e+02
307           	5.992732e+02
308           	5.995149e+02
309           	5.997547e+02
310           	5.999927e+02
311           	6.002289e+02
312           	6.004633e+02
313           	6.006958e+02
314           	6.009266e+02
315           	6.011557e+02
316           	6.013829e+02
317           	6.016085e+02
318           	6.018323e+02
319           	6.020544e+02
320           	6.022748e+02
321           	6.024935e+02
322           	6.027105e+02
323           	6.029259e+02
324           	6.031396e+02
325           	6.033517e+02
326           	6.035622e+02
327           	6.037711e+02
328           	6.039784e+02
329           	6.041840e+02
330           	6.043882e+02
331           	6.045907e+02
332           	6.047917e+02
333           	6.049912e+02
334           	6.051891e+02
335           	6.053855e+02
336           	6.055804e+02
337           	6.057738e+02
338           	6.059658e+02
339           	6.061562e+02
340           	6.063452e+02
341           	6.065328e+02
342           	6.067189e+02
343           	6.069036e+02
344           	6.070869e+02
345           	6.072687e+02
346           	6.074492e+02
347           	6.076283e+02
348           	6.078060e+02
349           	6.079824e+02
350           	6.081574e+02
351           	6.083310e+02
352           	6.085033e+02
353           	6.086743e+02
354           	6.088440e+02
355           	6.090124e+02
356           	6.091795e+02
357           	6.093453e+02
358           	6.095099e+02
359           	6.096732e+02
360           	6.098352e+02
361           	6.099960e+02
362           	6.101556e+02
363           	6.103139e+02
364           	6.104710e+02
365           	6.106269e+02
366           	6.107817e+02
367           	6.109352e+02
368           	6.110875e+02
369           	6.112387e+02
370           	6.113887e+02
371           	6.115376e+02
372           	6.116853e+02
373           	6.118319e+02
374           	6.119773e+02
375           	6.121217e+02
376           	6.122649e+02
377           	6.124070e+02
378           	6.125480e+02
379           	6.126879e+02
380           	6.128267e+02
381           	6.129645e+02
382           	6.131011e+02
383           	6.132367e+02
384           	6.133713e+02
385           	6.135048e+02
386           	6.136373e+02
387           	6.137687e+02
388           	6.138992e+02
389           	6.140286e+02
390           	6.141570e+02
391           	6.142845e+02
392           	6.144109e+02
393           	6.145364e+02
394           	6.146609e+02
395           	6.147845e+02
396           	6.149071e+02
397           	6.150287e+02
398           	6.151494e+02
399           	6.152692e+02
400           	6.153881e+02
401           	6.155060e+02
402           	6.156231e+02
403           	6.157393e+02
404           	6.158545e+02
405           	6.159689e+02
406           	6.160825e+02
407           	6.161951e+02
408           	6.163069e+02
409           	6.164179e+02
410           	6.165280e+02
411           	6.166372e+02
412           	6.167456e+02
413           	6.168532e+02
414           	6.169599e+02
415           	6.170658e+02
416           	6.171709e+02
417           	6.172752e+02
418           	6.173787e+02
419           	6.174814e+02
420           	6.175833e+02
421           	6.176844e+02
422           	6.177848e+02
423           	6.178844e+02
424           	6.179832e+02
425           	6.180813e+02
426           	6.181786e+02
427           	6.182752e+02
428           	6.183710e+02
429           	6.184661e+02
430           	6.185605e+02
431           	6.186541e+02
432           	6.187470e+02
433           	6.188392e+02
434           	6.189307e+02
435           	6.190216e+02
436           	6.191117e+02
437           	6.192011e+02
438           	6.192898e+02
439           	6.193779e+02
440           	6.194652e+02
441           	6.195519e+02
442           	6.196380e+02
443           	6.197233e+02
444           	6.198081e+02
445           	6.198921e+02
446           	6.199755e+02
447           	6.200583e+02
448           	6.201405e+02
449           	6.202220e+02
450           	6.203029e+02
451           	6.203831e+02
452           	6.204628e+02
453           	6.205418e+02
454           	6.206202e+02
455           	6.206981e+02
456           	6.207753e+02
457           	6.208519e+02
458           	6.209280e+02
459           	6.210034e+02
460           	6.210783e+02
461           	6.211526e+02
462           	6.212263e+02
463           	6.212995e+02
464           	6.213721e+02
465           	6.214441e+02
466           	6.215156e+02
467           	6.215866e+02
468           	6.216570e+02
469           	6.217268e+02
470           	6.217961e+02
471           	6.218649e+02
472           	6.219331e+02
473           	6.220009e+02
474           	6.220681e+02
475           	6.221348e+02
476           	6.222009e+02
477           	6.222666e+02
478           	6.223318e+02
479           	6.223964e+02
480           	6.224606e+02
481           	6.225243e+02
482           	6.225874e+02
483           	6.226501e+02
484           	6.227124e+02
485           	6.227741e+02
486           	6.228353e+02
487           	6.228961e+02
488           	6.229565e+02
489           	6.230163e+02
490           	6.230757e+02
491           	6.231346e+02
492           	6.231931e+02
493           	6.232511e+02
494           	6.233087e+02
495           	6.233659e+02
496           	6.234226e+02
497           	6.234788e+02
498           	6.235346e+02
499           	6.235900e+02
500           	6.236450e+02
501           	6.236995e+02
502           	6.237537e+02
503           	6.238074e+02
504           	6.238607e+02
505           	6.239135e+02
506           	6.239660e+02
507           	6.240181e+02
508           	6.240697e+02
509           	6.241210e+02
510           	6.241719e+02
511           	6.242224e+02
512           	6.242725e+02
513           	6.243222e+02
514           	6.243715e+02
515           	6.244204e+02
516           	6.244690e+02
517           	6.245172e+02
518           	6.245650e+02
519           	6.246125e+02
520           	6.246596e+02
521           	6.247063e+02
522           	6.247526e+02
523           	6.247987e+02
524           	6.248443e+02
525           	6.248896e+02
526           	6.249345e+02
527           	6.249791e+02
528           	6.250234e+02
529           	6.250673e+02
530           	6.251109e+02
531           	6.251541e+02
532           	6.251970e+02
533           	6.252396e+02
534           	6.252818e+02
535           	6.253237e+02
536           	6.253653e+02
537           	6.254066e+02
538           	6.254476e+02
539           	6.254882e+02
540           	6.255285e+02
541           	6.255685e+02
542           	6.256082e+02
543           	6.256476e+02
544           	6.256867e+02
545           	6.257255e+02
546           	6.257640e+02
547           	6.258022e+02
548           	6.258401e+02
549           	6.258777e+02
550           	6.259150e+02
551           	6.259521e+02
552           	6.259888e+02
553           	6.260253e+02
554           	6.260615e+02
555           	6.260974e+02
556           	6.261330e+02
557           	6.261684e+02
558           	6.262034e+02
559           	6.262382e+02
560           	6.262728e+02
561           	6.263071e+02
562           	6.263411e+02
563           	6.263748e+02
564           	6.264083e+02
565           	6.264415e+02
566           	6.264745e+02
567           	6.265072e+02
568           	6.265397e+02
569           	6.265719e+02
570           	6.266039e+02
571           	6.266356e+02
572           	6.266671e+02
573           	6.266983e+02
574           	6.267293e+02
575           	6.267601e+02
576           	6.267906e+02
577           	6.268209e+02
578           	6.268510e+02
579           	6.268808e+02
580           	6.269104e+02
581           	6.269398e+02
582           	6.269689e+02
583           	6.269978e+02
584           	6.270265e+02
585           	6.270550e+02
586           	6.270832e+02
587           	6.271113e+02
588           	6.271391e+02
589           	6.271667e+02
590           	6.271941e+02
591           	6.272213e+02
592           	6.272483e+02
593           	6.272750e+02
594           	6.273016e+02
595           	6.273280e+02
596           	6.273541e+02
597           	6.273801e+02
598           	6.274059e+02
599           	6.274314e+02
600           	6.274568e+02
601           	6.274820e+02
602           	6.275070e+02
603           	6.275317e+02
604           	6.275563e+02
605           	6.275808e+02
606           	6.276050e+02
607           	6.276290e+02
608           	6.276529e+02
609           	6.276766e+02
610           	6.277001e+02
611           	6.277234e+02
612           	6.277466e+02
613           	6.277696e+02
614           	6.277924e+02
615           	6.278150e+02
616           	6.278375e+02
617           	6.278598e+02
618           	6.278819e+02
619           	6.279039e+02
620           	6.279258e+02
621           	6.279475e+02
622           	6.279690e+02
623           	6.279904e+02
624           	6.280116e+02
625           	6.280327e+02
626           	6.280536e+02
627           	6.280743e+02
628           	6.280950e+02
629           	6.281154e+02
630           	6.281357e+02
631           	6.281559e+02
632           	6.281759e+02
633           	6.281958e+02
634           	6.282155e+02
635           	6.282351e+02
636           	6.282546e+02
637           	6.282739e+02
638           	6.282931e+02
639           	6.283122e+02
640           	6.283311e+02
641           	6.283499e+02
642           	6.283685e+02
643           	6.283871e+02
644           	6.284054e+02
645           	6.284237e+02
646           	6.284418e+02
647           	6.284597e+02
648           	6.284775e+02
649           	6.284952e+02
650           	6.285128e+02
651           	6.285302e+02
652           	6.285475e+02
653           	6.285647e+02
654           	6.285818e+02
655           	6.285987e+02
656           	6.286155e+02
657           	6.286321e+02
658           	6.286487e+02
659           	6.286651e+02
660           	6.286814e+02
661           	6.286976e+02
662           	6.287136e+02
663           	6.287296e+02
664           	6.287454e+02
665           	6.287611e+02
666           	6.287766e+02
667           	6.287921e+02
668           	6.288074e+02
669           	6.288227e+02
670           	6.288378e+02
671           	6.288528e+02
672           	6.288677e+02
673           	6.288825e+02
674           	6.288971e+02
675           	6.289117e+02
676           	6.289261e+02
677           	6.289405e+02
678           	6.289547e+02
679           	6.289688e+02
680           	6.289829e+02
681           	6.289968e+02
682           	6.290106e+02
683           	6.290243e+02
684           	6.290379e+02
685           	6.290514e+02
686           	6.290648e+02
687           	6.290781e+02
688           	6.290913e+02
689           	6.291044e+02
690           	6.291174e+02
691           	6.291303e+02
692           	6.291431e+02
693           	6.291558e+02
694           	6.291684e+02
695           	6.291809e+02
696           	6.291933e+02
697           	6.292056e+02
698           	6.292179e+02
699           	6.292300e+02
700           	6.292420e+02
701           	6.292540e+02
702           	6.292659e+02
703           	6.292776e+02
704           	6.292893e+02
705           	6.293009e+02
706           	6.293124e+02
707           	6.293238e+02
708           	6.293351e+02
709           	6.293464e+02
710           	6.293576e+02
711           	6.293686e+02
712           	6.293796e+02
713           	6.293905e+02
714           	6.294013e+02
715           	6.294121e+02
716           	6.294227e+02
717           	6.294333e+02
718           	6.294438e+02
719           	6.294542e+02
720           	6.294646e+02
721           	6.294748e+02
722           	6.294850e+02
723           	6.294951e+02
724           	6.295051e+02
725           	6.295151e+02
726           	6.295250e+02
727           	6.295348e+02
728           	6.295445e+02
729           	6.295541e+02
730           	6.295637e+02
731           	6.295732e+02
732           	6.295827e+02
733           	6.295920e+02
734           	6.296013e+02
735           	6.296105e+02
736           	6.296197e+02
737           	6.296288e+02
738           	6.296378e+02
739           	6.296467e+02
740           	6.296556e+02
741           	6.296644e+02
742           	6.296731e+02
743           	6.296818e+02
744           	6.296904e+02
745           	6.296989e+02
746           	6.297074e+02
747           	6.297158e+02
748           	6.297242e+02
749           	6.297324e+02
750           	6.297407e+02
751           	6.297488e+02
752           	6.297569e+02
753           	6.297649e+02
754           	6.297729e+02
755           	6.297808e+02
756           	6.297887e+02
757           	6.297964e+02
758           	6.298042e+02
759           	6.298118e+02
760           	6.298194e+02
761           	6.298270e+02
762           	6.298345e+02
763           	6.298419e+02
764           	6.298493e+02
765           	6.298566e+02
766           	6.298639e+02
767           	6.298711e+02
768           	6.298782e+02
769           	6.298853e+02
770           	6.298924e+02
771           	6.298994e+02
772           	6.299063e+02
773           	6.299132e+02
774           	6.299200e+02
775           	6.299268e+02
776           	6.299335e+02
777           	6.299402e+02
778           	6.299468e+02
779           	6.299534e+02
780           	6.299599e+02
781           	6.299664e+02
782           	6.299728e+02
783           	6.299792e+02
784           	6.299855e+02
785           	6.299918e+02
786           	6.299980e+02
787           	6.300042e+02
788           	6.300103e+02
789           	6.300164e+02
790           	6.300224e+02
791           	6.300284e+02
792           	6.300344e+02
793           	6.300403e+02
794           	6.300461e+02
795           	6.300520e+02
796           	6.300577e+02
797           	6.300635e+02
798           	6.300691e+02
799           	6.300748e+02
800           	6.300804e+02
801           	6.300859e+02
802           	6.300914e+02
803           	6.300969e+02
804           	6.301023e+02
805           	6.301077e+02
806           	6.301130e+02
807           	6.301183e+02
808           	6.301236e+02
809           	6.301288e+02
810           	6.301340e+02
811           	6.301391e+02
812           	6.301442e+02
813           	6.301493e+02
814           	6.301543e+02
815           	6.301593e+02
816           	6.301642e+02
817           	6.301691e+02
818           	6.301740e+02
819           	6.301788e+02
820           	6.301836e+02
821           	6.301884e+02
822           	6.301931e+02
823           	6.301978e+02
824           	6.302024e+02
825           	6.302071e+02
826           	6.302116e+02
827           	6.302162e+02
828           	6.302207e+02
829           	6.302252e+02
830           	6.302296e+02
831           	6.302340e+02
832           	6.302384e+02
833           	6.302427e+02
834           	6.302470e+02
835           	6.302513e+02
836           	6.302555e+02
837           	6.302597e+02
838           	6.302639e+02
839           	6.302680e+02
840           	6.302721e+02
841           	6.302762e+02
842           	6.302802e+02
843           	6.302843e+02
844           	6.302882e+02
845           	6.302922e+02
846           	6.302961e+02
847           	6.303000e+02
848           	6.303039e+02
849           	6.303077e+02
850           	6.303115e+02
851           	6.303153e+02
852           	6.303190e+02
853           	6.303227e+02
854           	6.303264e+02
855           	6.303301e+02
856           	6.303337e+02
857           	6.303373e+02
858           	6.303409e+02
859           	6.303444e+02
860           	6.303480e+02
861           	6.303515e+02
862           	6.303549e+02
863           	6.303584e+02
864           	6.303618e+02
865           	6.303652e+02
866           	6.303685e+02
867           	6.303719e+02
868           	6.303752e+02
869           	6.303784e+02
870           	6.303817e+02
871           	6.303849e+02
872           	6.303881e+02
873           	6.303913e+02
874           	6.303945e+02
875           	6.303976e+02
876           	6.304007e+02
877           	6.304038e+02
878           	6.304069e+02
879           	6.304099e+02
880           	6.304129e+02
881           	6.304159e+02
882           	6.304189e+02
883           	6.304219e+02
884           	6.304248e+02
885           	6.304277e+02
886           	6.304306e+02
887           	6.304334e+02
888           	6.304362e+02
889           	6.304391e+02
890           	6.304419e+02
891           	6.304446e+02
892           	6.304474e+02
893           	6.304501e+02
894           	6.304528e+02
895           	6.304555e+02
896           	6.304582e+02
897           	6.304608e+02
898           	6.304634e+02
899           	6.304660e+02
900           	6.304686e+02
901           	6.304712e+02
902           	6.304737e+02
903           	6.304762e+02
904           	6.304787e+02
905           	6.304812e+02
906           	6.304837e+02
907           	6.304861e+02
908           	6.304886e+02
909           	6.304910e+02
910           	6.304934e+02
911           	6.304958e+02
912           	6.304981e+02
913           	6.305004e+02
914           	6.305028e+02
915           	6.305051e+02
916           	6.305073e+02
917           	6.305096e+02
918           	6.305119e+02
919           	6.305141e+02
920           	6.305163e+02
921           	6.305185e+02
922           	6.305207e+02
923           	6.305228e+02
924           	6.305250e+02
925           	6.305271e+02
926           	6.305292e+02
927           	6.305313e+02
928           	6.305334e+02
929           	6.305355e+02
930           	6.305375e+02
931           	6.305396e+02
932           	6.305416e+02
933           	6.305436e+02
934           	6.305456e+02
935           	6.305475e+02
936           	6.305495e+02
937           	6.305514e+02
938           	6.305534e+02
939           	6.305553e+02
940           	6.305572e+02
941           	6.305590e+02
942           	6.305609e+02
943           	6.305628e+02
944           	6.305646e+02
945           	6.305664e+02
946           	6.305682e+02
947           	6.305700e+02
948           	6.305718e+02
949           	6.305736e+02
950           	6.305753e+02
951           	6.305771e+02
952           	6.305788e+02
953           	6.305805e+02
954           	6.305822e+02
955           	6.305839e+02
956           	6.305856e+02
957           	6.305872e+02
958           	6.305889e+02
959           	6.305905e+02
960           	6.305922e+02
961           	6.305938e+02
962           	6.305954e+02
963           	6.305970e+02
964           	6.305985e+02
965           	6.306001e+02
966           	6.306016e+02
967           	6.306032e+02
968           	6.306047e+02
969           	6.306062e+02
970           	6.306077e+02
971           	6.306092e+02
972           	6.306107e+02
973           	6.306122e+02
974           	6.306136e+02
975           	6.306151e+02
976           	6.306165e+02
977           	6.306179e+02
978           	6.306193e+02
979           	6.306207e+02
980           	6.306221e+02
981           	6.306235e+02
982           	6.306249e+02
983           	6.306262e+02
984           	6.306276e+02
985           	6.306289e+02
986           	6.306303e+02
987           	6.306316e+02
988           	6.306329e+02
989           	6.306342e+02
990           	6.306355e+02
991           	6.306367e+02
992           	6.306380e+02
993           	6.306393e+02
994           	6.306405e+02
995           	6.306418e+02
996           	6.306430e+02
997           	6.306442e+02
998           	6.306454e+02
999           	6.306466e+02
1000          	6.306478e+02
1001          	6.306490e+02
1002          	6.306502e+02
1003          	6.306513e+02
1004          	6.306525e+02
1005          	6.306536e+02
1006          	6.306548e+02
1007          	6.306559e+02
1008          	6.306570e+02
1009          	6.306581e+02
1010          	6.306592e+02
1011          	6.306603e+02
1012          	6.306614e+02
1013          	6.306625e+02
1014          	6.306636e+02
1015          	6.306646e+02
1016          	6.306657e+02
1017          	6.306667e+02
1018          	6.306678e+02
1019          	6.306688e+02
1020          	6.306698e+02
1021          	6.306708e+02
1022          	6.306718e+02
1023          	6.306728e+02
1024          	6.306738e+02
1025          	6.306748e+02
1026          	6.306758e+02
1027          	6.306767e+02
1028          	6.306777e+02
1029          	6.306786e+02
1030          	6.306796e+02
1031          	6.306805e+02
1032          	6.306815e+02
1033          	6.306824e+02
1034          	6.306833e+02
1035          	6.306842e+02
1036          	6.306851e+02
1037          	6.306860e+02
1038          	6.306869e+02
1039          	6.306878e+02
1040          	6.306886e+02
1041          	6.306895e+02
1042          	6.306904e+02
1043          	6.306912e+02
1044          	6.306921e+02
1045          	6.306929e+02
1046          	6.306938e+02
1047          	6.306946e+02
1048          	6.306954e+02
1049          	6.306962e+02
1050          	6.306970e+02
1051          	6.306978e+02
1052          	6.306986e+02
1053          	6.306994e+02
1054          	6.307002e+02
1055          	6.307010e+02
1056          	6.307018e+02
1057          	6.307025e+02
1058          	6.307033e+02
1059          	6.307040e+02
1060          	6.307048e+02
1061          	6.307055e+02
1062          	6.307063e+02
1063          	6.307070e+02
1064          	6.307077e+02
1065          	6.307084e+02
1066          	6.307092e+02
1067          	6.307099e+02
1068          	6.307106e+02
1069          	6.307113e+02
1070          	6.307120e+02
1071          	6.307127e+02
1072          	6.307133e+02
1073          	6.307140e+02
1074          	6.307147e+02
1075          	6.307154e+02
1076          	6.307160e+02
1077          	6.307167e+02
1078          	6.307173e+02
1079          	6.307180e+02
1080          	6.307186e+02
1081          	6.307192e+02
1082          	6.307199e+02
1083          	6.307205e+02
1084          	6.307211e+02
1085          	6.307217e+02
1086          	6.307224e+02
1087          	6.307230e+02
1088          	6.307236e+02
1089          	6.307242e+02
1090          	6.307248e+02
1091          	6.307253e+02
1092          	6.307259e+02
1093          	6.307265e+02
1094          	6.307271e+02
1095          	6.307277e+02
1096          	6.307282e+02
1097          	6.307288e+02
1098          	6.307293e+02
1099          	6.307299e+02
1100          	6.307304e+02
1101          	6.307310e+02
1102          	6.307315e+02
1103          	6.307321e+02
1104          	6.307326e+02
1105          	6.307331e+02
1106          	6.307337e+02
1107          	6.307342e+02
1108          	6.307347e+02
1109          	6.307352e+02
1110          	6.307357e+02
1111          	6.307362e+02
1112          	6.307367e+02
1113          	6.307372e+02
1114          	6.307377e+02
1115          	6.307382e+02
1116          	6.307387e+02
1117          	6.307392e+02
1118          	6.307396e+02
1119          	6.307401e+02
1120          	6.307406e+02
1121          	6.307411e+02
1122          	6.307415e+02
1123          	6.307420e+02
1124          	6.307424e+02
1125          	6.307429e+02
1126          	6.307433e+02
1127          	6.307438e+02
1128          	6.307442e+02
1129          	6.307447e+02
1130          	6.307451e+02
1131          	6.307455e+02
1132          	6.307460e+02
1133          	6.307464e+02
1134          	6.307468e+02
1135          	6.307472e+02
1136          	6.307476e+02
1137          	6.307481e+02
1138          	6.307485e+02
1139          	6.307489e+02
1140          	6.307493e+02
1141          	6.307497e+02
1142          	6.307501e+02
1143          	6.307505e+02
1144          	6.307509e+02
1145          	6.307512e+02
1146          	6.307516e+02
1147          	6.307520e+02
1148          	6.307524e+02
1149          	6.307528e+02
1150          	6.307531e+02
1151          	6.307535e+02
1152          	6.307539e+02
1153          	6.307542e+02
1154          	6.307546e+02
1155          	6.307550e+02
1156          	6.307553e+02
1157          	6.307557e+02
1158          	6.307560e+02
1159          	6.307564e+02
1160          	6.307567e+02
1161          	6.307571e+02
1162          	6.307574e+02
1163          	6.307577e+02
1164          	6.307581e+02
1165          	6.307584e+02
1166          	6.307587e+02
1167          	6.307591e+02
1168          	6.307594e+02
1169          	6.307597e+02
1170          	6.307600e+02
1171          	6.307603e+02
1172          	6.307607e+02
1173          	6.307610e+02
1174          	6.307613e+02
1175          	6.307616e+02
1176          	6.307619e+02
1177          	6.307622e+02
1178          	6.307625e+02
1179          	6.307628e+02
1180          	6.307631e+02
1181          	6.307634e+02
1182          	6.307637e+02
1183          	6.307640e+02
1184          	6.307642e+02
1185          	6.307645e+02
1186          	6.307648e+02
1187          	6.307651e+02
1188          	6.307654e+02
1189          	6.307656e+02
1190          	6.307659e+02
1191          	6.307662e+02
1192          	6.307665e+02
1193          	6.307667e+02
1194          	6.307670e+02
1195          	6.307673e+02
1196          	6.307675e+02
1197          	6.307678e+02
1198          	6.307680e+02
1199          	6.307683e+02
1200          	6.307685e+02
1201          	6.307688e+02
1202          	6.307690e+02
1203          	6.307693e+02
1204          	6.307695e+02
1205          	6.307698e+02
1206          	6.307700e+02
1207          	6.307703e+02
1208          	6.307705e+02
1209          	6.307707e+02
1210          	6.307710e+02
1211          	6.307712e+02
1212          	6.307714e+02
1213          	6.307717e+02
1214          	6.307719e+02
1215          	6.307721e+02
1216          	6.307723e+02
1217          	6.307726e+02
1218          	6.307728e+02
1219          	6.307730e+02
1220          	6.307732e+02
1221          	6.307734e+02
1222          	6.307736e+02
1223          	6.307739e+02
1224          	6.307741e+02
1225          	6.307743e+02
1226          	6.307745e+02
1227          	6.307747e+02
1228          	6.307749e+02
1229          	6.307751e+02
1230          	6.307753e+02
1231          	6.307755e+02
1232          	6.307757e+02
1233          	6.307759e+02
1234          	6.307761e+02
1235          	6.307763e+02
1236          	6.307765e+02
1237          	6.307767e+02
1238          	6.307768e+02
1239          	6.307770e+02
1240          	6.307772e+02
1241          	6.307774e+02
1242          	6.307776e+02
1243          	6.307778e+02
1244          	6.307779e+02
1245          	6.307781e+02
1246          	6.307783e+02
1247          	6.307785e+02
1248          	6.307787e+02
1249          	6.307788e+02
1250          	6.307790e+02
1251          	6.307792e+02
1252          	6.307793e+02
1253          	6.307795e+02
1254          	6.307797e+02
1255          	6.307798e+02
1256          	6.307800e+02
1257          	6.307802e+02
1258          	6.307803e+02
1259          	6.307805e+02
1260          	6.307806e+02
1261          	6.307808e+02
1262          	6.307810e+02
1263          	6.307811e+02
1264          	6.307813e+02
1265          	6.307814e+02
1266          	6.307816e+02
1267          	6.307817e+02
1268          	6.307819e+02
1269          	6.307820e+02
1270          	6.307822e+02
1271          	6.307823e+02
1272          	6.307825e+02
1273          	6.307826e+02
1274          	6.307828e+02
1275          	6.307829e+02
1276          	6.307830e+02
1277          	6.307832e+02
1278          	6.307833e+02
1279          	6.307834e+02
1280          	6.307836e+02
1281          	6.307837e+02
1282          	6.307839e+02
1283          	6.307840e+02
1284          	6.307841e+02
1285          	6.307843e+02
1286          	6.307844e+02
1287          	6.307845e+02
1288          	6.307846e+02
1289          	6.307848e+02
1290          	6.307849e+02
1291          	6.307850e+02
1292          	6.307851e+02
1293          	6.307853e+02
1294          	6.307854e+02
1295          	6.307855e+02
1296          	6.307856e+02
1297          	6.307857e+02
1298          	6.307859e+02
1299          	6.307860e+02
1300          	6.307861e+02
1301          	6.307862e+02
1302          	6.307863e+02
1303          	6.307864e+02
1304          	6.307866e+02
1305          	6.307867e+02
1306          	6.307868e+02
1307          	6.307869e+02
1308          	6.307870e+02
1309          	6.307871e+02
1310          	6.307872e+02
1311          	6.307873e+02
1312          	6.307874e+02
1313          	6.307875e+02
1314          	6.307876e+02
1315          	6.307877e+02
1316          	6.307878e+02
1317          	6.307880e+02
1318          	6.307881e+02
1319          	6.307882e+02
1320          	6.307883e+02
1321          	6.307884e+02
1322          	6.307885e+02
1323          	6.307885e+02
1324          	6.307886e+02
1325          	6.307887e+02
1326          	6.307888e+02
1327          	6.307889e+02
1328          	6.307890e+02
1329          	6.307891e+02
1330          	6.307892e+02
1331          	6.307893e+02
1332          	6.307894e+02
1333          	6.307895e+02
1334          	6.307896e+02
1335          	6.307897e+02
1336          	6.307898e+02
1337          	6.307898e+02
1338          	6.307899e+02
1339          	6.307900e+02
1340          	6.307901e+02
1341          	6.307902e+02
1342          	6.307903e+02
1343          	6.307904e+02
1344          	6.307904e+02
1345          	6.307905e+02
1346          	6.307906e+02
1347          	6.307907e+02
1348          	6.307908e+02
1349          	6.307908e+02
1350          	6.307909e+02
1351          	6.307910e+02
1352          	6.307911e+02
1353          	6.307912e+02
1354          	6.307912e+02
1355          	6.307913e+02
1356          	6.307914e+02
1357          	6.307915e+02
1358          	6.307915e+02
1359          	6.307916e+02
1360          	6.307917e+02
1361          	6.307918e+02
1362          	6.307918e+02
1363          	6.307919e+02
1364          	6.307920e+02
1365          	6.307920e+02
1366          	6.307921e+02
1367          	6.307922e+02
1368          	6.307922e+02
1369          	6.307923e+02
1370          	6.307924e+02
1371          	6.307925e+02
1372          	6.307925e+02
1373          	6.307926e+02
1374          	6.307927e+02
1375          	6.307927e+02
1376          	6.307928e+02
1377          	6.307928e+02
1378          	6.307929e+02
1379          	6.307930e+02
1380          	6.307930e+02
1381          	6.307931e+02
1382          	6.307932e+02
1383          	6.307932e+02
1384          	6.307933e+02
1385          	6.307933e+02
1386          	6.307934e+02
1387          	6.307935e+02
1388          	6.307935e+02
1389          	6.307936e+02
1390          	6.307936e+02
1391          	6.307937e+02
1392          	6.307938e+02
1393          	6.307938e+02
1394          	6.307939e+02
1395          	6.307939e+02
1396          	6.307940e+02
1397          	6.307940e+02
1398          	6.307941e+02
1399          	6.307941e+02
1400          	6.307942e+02
1401          	6.307942e+02
1402          	6.307943e+02
1403          	6.307944e+02
1404          	6.307944e+02
1405          	6.307945e+02
1406          	6.307945e+02
1407          	6.307946e+02
1408          	6.307946e+02
1409          	6.307947e+02
1410          	6.307947e+02
1411          	6.307948e+02
1412          	6.307948e+02
1413          	6.307949e+02
1414          	6.307949e+02
1415          	6.307950e+02
1416          	6.307950e+02
1417          	6.307950e+02
1418          	6.307951e+02
1419          	6.307951e+02
1420          	6.307952e+02
1421          	6.307952e+02
1422          	6.307953e+02
1423          	6.307953e+02
1424          	6.307954e+02
1425          	6.307954e+02
1426          	6.307955e+02
1427          	6.307955e+02
1428          	6.307955e+02
1429          	6.307956e+02
1430          	6.307956e+02
1431          	6.307956e+02
1432          	6.307956e+02
1433          	6.307956e+02
1434          	6.307956e+02
1435          	6.307956e+02
1436          	6.307956e+02
1437          	6.307956e+02
1438          	6.307956e+02
1439          	6.307956e+02
1440          	6.307956e+02
1441          	6.307956e+02
1442          	6.307956e+02
1443          	6.307956e+02
1444          	6.307956e+02
1445          	6.307956e+02
1446          	6.307956e+02
1447          	6.307956e+02
1448          	6.307956e+02
1449          	6.307956e+02
1450          	6.307956e+02
1451          	6.307956e+02
1452          	6.307956e+02
1453          	6.307956e+02
1454          	6.307956e+02
1455          	6.307956e+02
1456          	6.307956e+02
1457          	6.307956e+02
1458          	6.307956e+02
1459          	6.307956e+02
1460          	6.307956e+02
1461          	6.307956e+02
1462          	6.307956e+02
1463          	6.307956e+02
1464          	6.307956e+02
1465          	6.307956e+02
1466          	6.307956e+02
1467          	6.307956e+02
1468          	6.307956e+02
1469          	6.307956e+02
1470          	6.307956e+02
1471          	6.307956e+02
1472          	6.307956e+02
1473          	6.307956e+02
1474          	6.307956e+02
1475          	6.307956e+02
1476          	6.307956e+02
1477          	6.307956e+02
1478          	6.307956e+02
1479          	6.307956e+02
1480          	6.307956e+02
1481          	6.307956e+02
1482          	6.307956e+02
1483          	6.307956e+02
1484          	6.307956e+02
1485          	6.307956e+02
1486          	6.307956e+02
1487          	6.307956e+02
1488          	6.307956e+02
1489          	6.307956e+02
1490          	6.307956e+02
1491          	6.307956e+02
1492          	6.307956e+02
1493          	6.307956e+02
1494          	6.307956e+02
1495          	6.307956e+02
1496          	6.307956e+02
1497          	6.307956e+02
1498          	6.307956e+02
1499          	6.307956e+02
1500          	6.307956e+02
1501          	6.307956e+02
1502          	6.307956e+02
1503          	6.307956e+02
1504          	6.307956e+02
1505          	6.307956e+02
1506          	6.307956e+02
1507          	6.307956e+02
1508          	6.307956e+02
1509          	6.307956e+02
1510          	6.307956e+02
1511          	6.307956e+02
1512          	6.307956e+02
1513          	6.307956e+02
1514          	6.307956e+02
1515          	6.307956e+02
1516          	6.307956e+02
1517          	6.307956e+02
1518          	6.307956e+02
1519          	6.307956e+02
1520          	6.307956e+02
1521          	6.307956e+02
1522          	6.307956e+02
1523          	6.307956e+02
1524          	6.307956e+02
1525          	6.307956e+02
1526          	6.307956e+02
1527          	6.307956e+02
1528          	6.307956e+02
1529          	6.307956e+02
1530          	6.307956e+02
1531          	6.307956e+02
1532          	6.307956e+02
1533          	6.307956e+02
1534          	6.307956e+02
1535          	6.307956e+02
1536          	6.307956e+02
1537          	6.307956e+02
1538          	6.307956e+02
1539          	6.307956e+02
1540          	6.307956e+02
1541          	6.307956e+02
1542          	6.307956e+02
1543          	6.307956e+02
1544          	6.307956e+02
1545          	6.307956e+02
1546          	6.307956e+02
1547          	6.307956e+02
1548          	6.307956e+02
1549          	6.307956e+02
1550          	6.307956e+02
1551          	6.307956e+02
1552          	6.307956e+02
1553          	6.307956e+02
1554          	6.307956e+02
1555          	6.307956e+02
1556          	6.307956e+02
1557          	6.307956e+02
1558          	6.307956e+02
1559          	6.307956e+02
1560          	6.307956e+02
1561          	6.307956e+02
1562          	6.307956e+02
1563          	6.307956e+02
1564          	6.307956e+02
1565          	6.307956e+02
1566          	6.307956e+02
1567          	6.307956e+02
1568          	6.307956e+02
1569          	6.307956e+02
1570          	6.307956e+02
1571          	6.307956e+02
1572          	6.307956e+02
1573          	6.307956e+02
1574          	6.307956e+02
1575          	6.307956e+02
1576          	6.307956e+02
1577          	6.307956e+02
1578          	6.307956e+02
1579          	6.307956e+02
1580          	6.307956e+02
1581          	6.307956e+02
1582          	6.307956e+02
1583          	6.307956e+02
1584          	6.307956e+02
1585          	6.307956e+02
1586          	6.307956e+02
1587          	6.307956e+02
1588          	6.307956e+02
1589          	6.307956e+02
1590          	6.307956e+02
1591          	6.307956e+02
1592          	6.307956e+02
1593          	6.307956e+02
1594          	6.307956e+02
1595          	6.307956e+02
1596          	6.307956e+02
1597          	6.307956e+02
1598          	6.307956e+02
1599          	6.307956e+02
1600          	6.307956e+02
1601          	6.307956e+02
1602          	6.307956e+02
1603          	6.307956e+02
1604          	6.307956e+02
1605          	6.307956e+02
1606          	6.307956e+02
1607          	6.307956e+02
1608          	6.307956e+02
1609          	6.307956e+02
1610          	6.307956e+02
1611          	6.307956e+02
1612          	6.307956e+02
1613          	6.307956e+02
1614          	6.307956e+02
1615          	6.307956e+02
1616          	6.307956e+02
1617          	6.307956e+02
1618          	6.307956e+02
1619          	6.307956e+02
1620          	6.307956e+02
1621          	6.307956e+02
1622          	6.307956e+02
1623          	6.307956e+02
1624          	6.307956e+02
1625          	6.307956e+02
1626          	6.307956e+02
1627          	6.307956e+02
1628          	6.307956e+02
1629          	6.307956e+02
1630          	6.307956e+02
1631          	6.307956e+02
1632          	6.307956e+02
1633          	6.307956e+02
1634          	6.307956e+02
1635          	6.307956e+02
1636          	6.307956e+02
1637          	6.307956e+02
1638          	6.307956e+02
1639          	6.307956e+02
1640          	6.307956e+02
1641          	6.307956e+02
1642          	6.307956e+02
1643          	6.307956e+02
1644          	6.307956e+02
1645          	6.307956e+02
1646          	6.307956e+02
1647          	6.307956e+02
1648          	6.307956e+02
1649          	6.307956e+02
1650          	6.307956e+02
1651          	6.307956e+02
1652          	6.307956e+02
1653          	6.307956e+02
1654          	6.307956e+02
1655          	6.307956e+02
1656          	6.307956e+02
1657          	6.307956e+02
1658          	6.307956e+02
1659          	6.307956e+02
1660          	6.307956e+02
1661          	6.307956e+02
1662          	6.307956e+02
1663          	6.307956e+02
1664          	6.307956e+02
1665          	6.307956e+02
1666          	6.307956e+02
1667          	6.307956e+02
1668          	6.307956e+02
1669          	6.307956e+02
1670          	6.307956e+02
1671          	6.307956e+02
1672          	6.307956e+02
1673          	6.307956e+02
1674          	6.307956e+02
1675          	6.307956e+02
1676          	6.307956e+02
1677          	6.307956e+02
1678          	6.307956e+02
1679          	6.307956e+02
1680          	6.307956e+02
1681          	6.307956e+02
1682          	6.307956e+02
1683          	6.307956e+02
1684          	6.307956e+02
1685          	6.307956e+02
1686          	6.307956e+02
1687          	6.307956e+02
1688          	6.307956e+02
1689          	6.307956e+02
1690          	6.307956e+02
1691          	6.307956e+02
1692          	6.307956e+02
1693          	6.307956e+02
1694          	6.307956e+02
1695          	6.307956e+02
1696          	6.307956e+02
1697          	6.307956e+02
1698          	6.307956e+02
1699          	6.307956e+02
1700          	6.307956e+02
1701          	6.307956e+02
1702          	6.307956e+02
1703          	6.307956e+02
1704          	6.307956e+02
1705          	6.307956e+02
1706          	6.307956e+02
1707          	6.307956e+02
1708          	6.307956e+02
1709          	6.307956e+02
1710          	6.307956e+02
1711          	6.307956e+02
1712          	6.307956e+02
1713          	6.307956e+02
1714          	6.307956e+02
1715          	6.307956e+02
1716          	6.307956e+02
1717          	6.307956e+02
1718          	6.307956e+02
1719          	6.307956e+02
1720          	6.307956e+02
1721          	6.307956e+02
1722          	6.307956e+02
1723          	6.307956e+02
1724          	6.307956e+02
1725          	6.307956e+02
1726          	6.307956e+02
1727          	6.307956e+02
1728          	6.307956e+02
1729          	6.307956e+02
1730          	6.307956e+02
1731          	6.307956e+02
1732          	6.307956e+02
1733          	6.307956e+02
1734          	6.307956e+02
1735          	6.307956e+02
1736          	6.307956e+02
1737          	6.307956e+02
1738          	6.307956e+02
1739          	6.307956e+02
1740          	6.307956e+02
1741          	6.307956e+02
1742          	6.307956e+02
1743          	6.307956e+02
1744          	6.307956e+02
1745          	6.307956e+02
1746          	6.307956e+02
1747          	6.307956e+02
1748          	6.307956e+02
1749          	6.307956e+02
1750          	6.307956e+02
1751          	6.307956e+02
1752          	6.307956e+02
1753          	6.307956e+02
1754          	6.307956e+02
1755          	6.307956e+02
1756          	6.307956e+02
1757          	6.307956e+02
1758          	6.307956e+02
1759          	6.307956e+02
1760          	6.307956e+02
1761          	6.307956e+02
1762          	6.307956e+02
1763          	6.307956e+02
1764          	6.307956e+02
1765          	6.307956e+02
1766          	6.307956e+02
1767          	6.307956e+02
1768          	6.307956e+02
1769          	6.307956e+02
1770          	6.307956e+02
1771          	6.307956e+02
1772          	6.307956e+02
1773          	6.307956e+02
1774          	6.307956e+02
1775          	6.307956e+02
1776          	6.307956e+02
1777          	6.307956e+02
1778          	6.307956e+02
1779          	6.307956e+02
1780          	6.307956e+02
1781          	6.307956e+02
1782          	6.307956e+02
1783          	6.307956e+02
1784          	6.307956e+02
1785          	6.307956e+02
1786          	6.307956e+02
1787          	6.307956e+02
1788          	6.307956e+02
1789          	6.307956e+02
1790          	6.307956e+02
1791          	6.307956e+02
1792          	6.307956e+02
1793          	6.307956e+02
1794          	6.307956e+02
1795          	6.307956e+02
1796          	6.307956e+02
1797          	6.307956e+02
1798          	6.307956e+02
1799          	6.307956e+02
1800          	6.307956e+02
1801          	6.307956e+02
1802          	6.307956e+02
1803          	6.307956e+02
1804          	6.307956e+02
1805          	6.307956e+02
1806          	6.307956e+02
1807          	6.307956e+02
1808          	6.307956e+02
1809          	6.307956e+02
1810          	6.307956e+02
1811          	6.307956e+02
1812          	6.307956e+02
1813          	6.307956e+02
1814          	6.307956e+02
1815          	6.307956e+02
1816          	6.307956e+02
1817          	6.307956e+02
1818          	6.307956e+02
1819          	6.307956e+02
1820          	6.307956e+02
1821          	6.307956e+02
1822          	6.307956e+02
1823          	6.307956e+02
1824          	6.307956e+02
1825          	6.307956e+02
1826          	6.307956e+02
1827          	6.307956e+02
1828          	6.307956e+02
1829          	6.307956e+02
1830          	6.307956e+02
1831          	6.307956e+02
1832          	6.307956e+02
1833          	6.307956e+02
1834          	6.307956e+02
1835          	6.307956e+02
1836          	6.307956e+02
1837          	6.307956e+02
1838          	6.307956e+02
1839          	6.307956e+02
1840          	6.307956e+02
1841          	6.307956e+02
1842          	6.307956e+02
1843          	6.307956e+02
1844          	6.307956e+02
1845          	6.307956e+02
1846          	6.307956e+02
1847          	6.307956e+02
1848          	6.307956e+02
1849          	6.307956e+02
1850          	6.307956e+02
1851          	6.307956e+02
1852          	6.307956e+02
1853          	6.307956e+02
1854          	6.307956e+02
1855          	6.307956e+02
1856          	6.307956e+02
1857          	6.307956e+02
1858          	6.307956e+02
1859          	6.307956e+02
1860          	6.307956e+02
1861          	6.307956e+02
1862          	6.307956e+02
1863          	6.307956e+02
1864          	6.307956e+02
1865          	6.307956e+02
1866          	6.307956e+02
1867          	6.307956e+02
1868          	6.307956e+02
1869          	6.307956e+02
1870          	6.307956e+02
1871          	6.307956e+02
1872          	6.307956e+02
1873          	6.307956e+02
1874          	6.307956e+02
1875          	6.307956e+02
1876          	6.307956e+02
1877          	6.307956e+02
1878          	6.307956e+02
1879          	6.307956e+02
1880          	6.307956e+02
1881          	6.307956e+02
1882          	6.307956e+02
1883          	6.307956e+02
1884          	6.307956e+02
1885          	6.307956e+02
1886          	6.307956e+02
1887          	6.307956e+02
1888          	6.307956e+02
1889          	6.307956e+02
1890          	6.307956e+02
1891          	6.307956e+02
1892          	6.307956e+02
1893          	6.307956e+02
1894          	6.307956e+02
1895          	6.307956e+02
1896          	6.307956e+02
1897          	6.307956e+02
1898          	6.307956e+02
1899          	6.307956e+02
1900          	6.307956e+02
1901          	6.307956e+02
1902          	6.307956e+02
1903          	6.307956e+02
1904          	6.307956e+02
1905          	6.307956e+02
1906          	6.307956e+02
1907          	6.307956e+02
1908          	6.307956e+02
1909          	6.307956e+02
1910          	6.307956e+02
1911          	6.307956e+02
1912          	6.307956e+02
1913          	6.307956e+02
1914          	6.307956e+02
1915          	6.307956e+02
1916          	6.307956e+02
1917          	6.307956e+02
1918          	6.307956e+02
1919          	6.307956e+02
1920          	6.307956e+02
1921          	6.307956e+02
1922          	6.307956e+02
1923          	6.307956e+02
1924          	6.307956e+02
1925          	6.307956e+02
1926          	6.307956e+02
1927          	6.307956e+02
1928          	6.307956e+02
1929          	6.307956e+02
1930          	6.307956e+02
1931          	6.307956e+02
1932          	6.307956e+02
1933          	6.307956e+02
1934          	6.307956e+02
1935          	6.307956e+02
1936          	6.307956e+02
1937          	6.307956e+02
1938          	6.307956e+02
1939          	6.307956e+02
1940          	6.307956e+02
1941          	6.307956e+02
1942          	6.307956e+02
1943          	6.307956e+02
1944          	6.307956e+02
1945          	6.307956e+02
1946          	6.307956e+02
1947          	6.307956e+02
1948          	6.307956e+02
1949          	6.307956e+02
1950          	6.307956e+02
1951          	6.307956e+02
1952          	6.307956e+02
1953          	6.307956e+02
1954          	6.307956e+02
1955          	6.307956e+02
1956          	6.307956e+02
1957          	6.307956e+02
1958          	6.307956e+02
1959          	6.307956e+02
1960          	6.307956e+02
1961          	6.307956e+02
1962          	6.307956e+02
1963          	6.307956e+02
1964          	6.307956e+02
1965          	6.307956e+02
1966          	6.307956e+02
1967          	6.307956e+02
1968          	6.307956e+02
1969          	6.307956e+02
1970          	6.307956e+02
1971          	6.307956e+02
1972          	6.307956e+02
1973          	6.307956e+02
1974          	6.307956e+02
1975          	6.307956e+02
1976          	6.307956e+02
1977          	6.307956e+02
1978          	6.307956e+02
1979          	6.307956e+02
1980          	6.307956e+02
1981          	6.307956e+02
1982          	6.307956e+02
1983          	6.307956e+02
1984          	6.307956e+02
1985          	6.307956e+02
1986          	6.307956e+02
1987          	6.307956e+02
1988          	6.307956e+02
1989          	6.307956e+02
1990          	6.307956e+02
1991          	6.307956e+02
1992          	6.307956e+02
1993          	6.307956e+02
1994          	6.307956e+02
1995          	6.307956e+02
1996          	6.307956e+02
1997          	6.307956e+02
1998          	6.307956e+02
1999          	6.307956e+02
2000          	6.307956e+02
