# Region      : all 
# Cells       : 641
# Volume      : 1.000000e-06
# Time        	volAverage(T)
0             	2.969000e+02
1             	3.085429e+02
2             	3.110254e+02
3             	3.136026e+02
4             	3.160396e+02
5             	3.184111e+02
6             	3.207348e+02
7             	3.230236e+02
8             	3.252847e+02
9             	3.275226e+02
10            	3.297402e+02
11            	3.319391e+02
12            	3.341208e+02
13            	3.362861e+02
14            	3.384354e+02
15            	3.405694e+02
16            	3.426884e+02
17            	3.447926e+02
18            	3.468822e+02
19            	3.489575e+02
20            	3.510187e+02
21            	3.530659e+02
22            	3.550992e+02
23            	3.571186e+02
24            	3.591245e+02
25            	3.611169e+02
26            	3.630960e+02
27            	3.650618e+02
28            	3.670145e+02
29            	3.689537e+02
30            	3.708789e+02
31            	3.727898e+02
32            	3.746862e+02
33            	3.765681e+02
34            	3.784351e+02
35            	3.802870e+02
36            	3.821240e+02
37            	3.839461e+02
38            	3.857533e+02
39            	3.875456e+02
40            	3.893230e+02
41            	3.910858e+02
42            	3.928339e+02
43            	3.945676e+02
44            	3.962870e+02
45            	3.979922e+02
46            	3.996833e+02
47            	4.013603e+02
48            	4.030233e+02
49            	4.046724e+02
50            	4.063076e+02
51            	4.079291e+02
52            	4.095370e+02
53            	4.111314e+02
54            	4.127124e+02
55            	4.142803e+02
56            	4.158350e+02
57            	4.173768e+02
58            	4.189058e+02
59            	4.204222e+02
60            	4.219259e+02
61            	4.234172e+02
62            	4.248961e+02
63            	4.263628e+02
64            	4.278172e+02
65            	4.292595e+02
66            	4.306897e+02
67            	4.321080e+02
68            	4.335145e+02
69            	4.349094e+02
70            	4.362926e+02
71            	4.376643e+02
72            	4.390246e+02
73            	4.403735e+02
74            	4.417112e+02
75            	4.430378e+02
76            	4.443532e+02
77            	4.456577e+02
78            	4.469512e+02
79            	4.482339e+02
80            	4.495058e+02
81            	4.507671e+02
82            	4.520177e+02
83            	4.532579e+02
84            	4.544876e+02
85            	4.557069e+02
86            	4.569160e+02
87            	4.581148e+02
88            	4.593035e+02
89            	4.604821e+02
90            	4.616508e+02
91            	4.628097e+02
92            	4.639587e+02
93            	4.650980e+02
94            	4.662278e+02
95            	4.673479e+02
96            	4.684586e+02
97            	4.695599e+02
98            	4.706518e+02
99            	4.717346e+02
100           	4.728082e+02
101           	4.738727e+02
102           	4.749282e+02
103           	4.759747e+02
104           	4.770123e+02
105           	4.780410e+02
106           	4.790609e+02
107           	4.800721e+02
108           	4.810745e+02
109           	4.820682e+02
110           	4.830534e+02
111           	4.840300e+02
112           	4.849983e+02
113           	4.859581e+02
114           	4.869096e+02
115           	4.878529e+02
116           	4.887880e+02
117           	4.897150e+02
118           	4.906339e+02
119           	4.915447e+02
120           	4.924476e+02
121           	4.933426e+02
122           	4.942299e+02
123           	4.951094e+02
124           	4.959812e+02
125           	4.968454e+02
126           	4.977020e+02
127           	4.985512e+02
128           	4.993929e+02
129           	5.002273e+02
130           	5.010544e+02
131           	5.018743e+02
132           	5.026869e+02
133           	5.034925e+02
134           	5.042909e+02
135           	5.050823e+02
136           	5.058668e+02
137           	5.066443e+02
138           	5.074150e+02
139           	5.081789e+02
140           	5.089360e+02
141           	5.096863e+02
142           	5.104301e+02
143           	5.111673e+02
144           	5.118979e+02
145           	5.126221e+02
146           	5.133399e+02
147           	5.140513e+02
148           	5.147565e+02
149           	5.154552e+02
150           	5.161478e+02
151           	5.168341e+02
152           	5.175144e+02
153           	5.181885e+02
154           	5.188567e+02
155           	5.195189e+02
156           	5.201751e+02
157           	5.208255e+02
158           	5.214701e+02
159           	5.221090e+02
160           	5.227421e+02
161           	5.233696e+02
162           	5.239916e+02
163           	5.246080e+02
164           	5.252189e+02
165           	5.258243e+02
166           	5.264244e+02
167           	5.270191e+02
168           	5.276086e+02
169           	5.281928e+02
170           	5.287718e+02
171           	5.293457e+02
172           	5.299144e+02
173           	5.304781e+02
174           	5.310367e+02
175           	5.315904e+02
176           	5.321392e+02
177           	5.326832e+02
178           	5.332223e+02
179           	5.337566e+02
180           	5.342862e+02
181           	5.348111e+02
182           	5.353313e+02
183           	5.358470e+02
184           	5.363581e+02
185           	5.368646e+02
186           	5.373667e+02
187           	5.378643e+02
188           	5.383575e+02
189           	5.388463e+02
190           	5.393307e+02
191           	5.398109e+02
192           	5.402868e+02
193           	5.407584e+02
194           	5.412259e+02
195           	5.416892e+02
196           	5.421484e+02
197           	5.426035e+02
198           	5.430545e+02
199           	5.435016e+02
200           	5.439446e+02
201           	5.443838e+02
202           	5.448190e+02
203           	5.452503e+02
204           	5.456778e+02
205           	5.461015e+02
206           	5.465214e+02
207           	5.469376e+02
208           	5.473501e+02
209           	5.477589e+02
210           	5.481641e+02
211           	5.485657e+02
212           	5.489637e+02
213           	5.493581e+02
214           	5.497491e+02
215           	5.501366e+02
216           	5.505206e+02
217           	5.509012e+02
218           	5.512784e+02
219           	5.516523e+02
220           	5.520228e+02
221           	5.523901e+02
222           	5.527541e+02
223           	5.531148e+02
224           	5.534724e+02
225           	5.538267e+02
226           	5.541779e+02
227           	5.545260e+02
228           	5.548710e+02
229           	5.552129e+02
230           	5.555517e+02
231           	5.558876e+02
232           	5.562205e+02
233           	5.565504e+02
234           	5.568773e+02
235           	5.572014e+02
236           	5.575225e+02
237           	5.578409e+02
238           	5.581563e+02
239           	5.584690e+02
240           	5.587789e+02
241           	5.590860e+02
242           	5.593904e+02
243           	5.596920e+02
244           	5.599909e+02
245           	5.602872e+02
246           	5.605808e+02
247           	5.608718e+02
248           	5.611602e+02
249           	5.614460e+02
250           	5.617292e+02
251           	5.620099e+02
252           	5.622880e+02
253           	5.625637e+02
254           	5.628369e+02
255           	5.631077e+02
256           	5.633760e+02
257           	5.636420e+02
258           	5.639055e+02
259           	5.641668e+02
260           	5.644256e+02
261           	5.646822e+02
262           	5.649364e+02
263           	5.651884e+02
264           	5.654382e+02
265           	5.656857e+02
266           	5.659309e+02
267           	5.661740e+02
268           	5.664149e+02
269           	5.666536e+02
270           	5.668902e+02
271           	5.671247e+02
272           	5.673570e+02
273           	5.675873e+02
274           	5.678155e+02
275           	5.680416e+02
276           	5.682657e+02
277           	5.684878e+02
278           	5.687079e+02
279           	5.689260e+02
280           	5.691422e+02
281           	5.693564e+02
282           	5.695687e+02
283           	5.697790e+02
284           	5.699875e+02
285           	5.701940e+02
286           	5.703987e+02
287           	5.706015e+02
288           	5.708025e+02
289           	5.710016e+02
290           	5.711990e+02
291           	5.713945e+02
292           	5.715882e+02
293           	5.717802e+02
294           	5.719705e+02
295           	5.721590e+02
296           	5.723458e+02
297           	5.725309e+02
298           	5.727144e+02
299           	5.728962e+02
300           	5.730763e+02
301           	5.732548e+02
302           	5.734317e+02
303           	5.736070e+02
304           	5.737807e+02
305           	5.739528e+02
306           	5.741233e+02
307           	5.742924e+02
308           	5.744598e+02
309           	5.746258e+02
310           	5.747903e+02
311           	5.749533e+02
312           	5.751148e+02
313           	5.752748e+02
314           	5.754334e+02
315           	5.755906e+02
316           	5.757463e+02
317           	5.759006e+02
318           	5.760536e+02
319           	5.762051e+02
320           	5.763553e+02
321           	5.765041e+02
322           	5.766515e+02
323           	5.767977e+02
324           	5.769424e+02
325           	5.770859e+02
326           	5.772281e+02
327           	5.773689e+02
328           	5.775085e+02
329           	5.776468e+02
330           	5.777839e+02
331           	5.779197e+02
332           	5.780542e+02
333           	5.781876e+02
334           	5.783197e+02
335           	5.784506e+02
336           	5.785803e+02
337           	5.787089e+02
338           	5.788362e+02
339           	5.789625e+02
340           	5.790875e+02
341           	5.792115e+02
342           	5.793343e+02
343           	5.794560e+02
344           	5.795766e+02
345           	5.796961e+02
346           	5.798145e+02
347           	5.799318e+02
348           	5.800481e+02
349           	5.801633e+02
350           	5.802775e+02
351           	5.803907e+02
352           	5.805028e+02
353           	5.806139e+02
354           	5.807240e+02
355           	5.808331e+02
356           	5.809412e+02
357           	5.810483e+02
358           	5.811545e+02
359           	5.812597e+02
360           	5.813639e+02
361           	5.814672e+02
362           	5.815695e+02
363           	5.816708e+02
364           	5.817712e+02
365           	5.818706e+02
366           	5.819691e+02
367           	5.820667e+02
368           	5.821634e+02
369           	5.822591e+02
370           	5.823540e+02
371           	5.824479e+02
372           	5.825410e+02
373           	5.826333e+02
374           	5.827248e+02
375           	5.828154e+02
376           	5.829052e+02
377           	5.829942e+02
378           	5.830823e+02
379           	5.831697e+02
380           	5.832562e+02
381           	5.833419e+02
382           	5.834269e+02
383           	5.835110e+02
384           	5.835944e+02
385           	5.836770e+02
386           	5.837589e+02
387           	5.838400e+02
388           	5.839203e+02
389           	5.840000e+02
390           	5.840788e+02
391           	5.841570e+02
392           	5.842344e+02
393           	5.843112e+02
394           	5.843872e+02
395           	5.844625e+02
396           	5.845371e+02
397           	5.846111e+02
398           	5.846843e+02
399           	5.847569e+02
400           	5.848288e+02
401           	5.849001e+02
402           	5.849707e+02
403           	5.850406e+02
404           	5.851100e+02
405           	5.851787e+02
406           	5.852467e+02
407           	5.853142e+02
408           	5.853811e+02
409           	5.854473e+02
410           	5.855130e+02
411           	5.855781e+02
412           	5.856426e+02
413           	5.857065e+02
414           	5.857698e+02
415           	5.858326e+02
416           	5.858948e+02
417           	5.859564e+02
418           	5.860175e+02
419           	5.860780e+02
420           	5.861379e+02
421           	5.861974e+02
422           	5.862563e+02
423           	5.863147e+02
424           	5.863725e+02
425           	5.864299e+02
426           	5.864867e+02
427           	5.865431e+02
428           	5.865989e+02
429           	5.866543e+02
430           	5.867092e+02
431           	5.867636e+02
432           	5.868176e+02
433           	5.868712e+02
434           	5.869243e+02
435           	5.869770e+02
436           	5.870292e+02
437           	5.870811e+02
438           	5.871325e+02
439           	5.871835e+02
440           	5.872342e+02
441           	5.872844e+02
442           	5.873342e+02
443           	5.873837e+02
444           	5.874327e+02
445           	5.874814e+02
446           	5.875297e+02
447           	5.875775e+02
448           	5.876250e+02
449           	5.876721e+02
450           	5.877189e+02
451           	5.877653e+02
452           	5.878113e+02
453           	5.878569e+02
454           	5.879022e+02
455           	5.879471e+02
456           	5.879917e+02
457           	5.880358e+02
458           	5.880797e+02
459           	5.881232e+02
460           	5.881663e+02
461           	5.882091e+02
462           	5.882516e+02
463           	5.882938e+02
464           	5.883356e+02
465           	5.883771e+02
466           	5.884182e+02
467           	5.884591e+02
468           	5.884997e+02
469           	5.885399e+02
470           	5.885798e+02
471           	5.886194e+02
472           	5.886587e+02
473           	5.886977e+02
474           	5.887364e+02
475           	5.887748e+02
476           	5.888129e+02
477           	5.888507e+02
478           	5.888882e+02
479           	5.889254e+02
480           	5.889623e+02
481           	5.889989e+02
482           	5.890353e+02
483           	5.890713e+02
484           	5.891070e+02
485           	5.891424e+02
486           	5.891776e+02
487           	5.892124e+02
488           	5.892470e+02
489           	5.892813e+02
490           	5.893153e+02
491           	5.893490e+02
492           	5.893824e+02
493           	5.894156e+02
494           	5.894484e+02
495           	5.894810e+02
496           	5.895133e+02
497           	5.895453e+02
498           	5.895771e+02
499           	5.896085e+02
500           	5.896397e+02
501           	5.896706e+02
502           	5.897012e+02
503           	5.897316e+02
504           	5.897617e+02
505           	5.897915e+02
506           	5.898211e+02
507           	5.898504e+02
508           	5.898795e+02
509           	5.899082e+02
510           	5.899368e+02
511           	5.899651e+02
512           	5.899931e+02
513           	5.900209e+02
514           	5.900484e+02
515           	5.900757e+02
516           	5.901027e+02
517           	5.901295e+02
518           	5.901561e+02
519           	5.901824e+02
520           	5.902084e+02
521           	5.902343e+02
522           	5.902599e+02
523           	5.902852e+02
524           	5.903103e+02
525           	5.903352e+02
526           	5.903599e+02
527           	5.903843e+02
528           	5.904085e+02
529           	5.904325e+02
530           	5.904562e+02
531           	5.904798e+02
532           	5.905031e+02
533           	5.905261e+02
534           	5.905490e+02
535           	5.905716e+02
536           	5.905940e+02
537           	5.906162e+02
538           	5.906382e+02
539           	5.906600e+02
540           	5.906815e+02
541           	5.907029e+02
542           	5.907240e+02
543           	5.907450e+02
544           	5.907657e+02
545           	5.907862e+02
546           	5.908065e+02
547           	5.908266e+02
548           	5.908466e+02
549           	5.908663e+02
550           	5.908858e+02
551           	5.909052e+02
552           	5.909243e+02
553           	5.909432e+02
554           	5.909620e+02
555           	5.909806e+02
556           	5.909990e+02
557           	5.910172e+02
558           	5.910352e+02
559           	5.910531e+02
560           	5.910708e+02
561           	5.910883e+02
562           	5.911056e+02
563           	5.911227e+02
564           	5.911397e+02
565           	5.911565e+02
566           	5.911732e+02
567           	5.911897e+02
568           	5.912060e+02
569           	5.912221e+02
570           	5.912381e+02
571           	5.912540e+02
572           	5.912696e+02
573           	5.912852e+02
574           	5.913005e+02
575           	5.913158e+02
576           	5.913308e+02
577           	5.913457e+02
578           	5.913605e+02
579           	5.913751e+02
580           	5.913896e+02
581           	5.914039e+02
582           	5.914180e+02
583           	5.914321e+02
584           	5.914459e+02
585           	5.914596e+02
586           	5.914732e+02
587           	5.914867e+02
588           	5.915000e+02
589           	5.915131e+02
590           	5.915261e+02
591           	5.915390e+02
592           	5.915518e+02
593           	5.915644e+02
594           	5.915768e+02
595           	5.915892e+02
596           	5.916014e+02
597           	5.916135e+02
598           	5.916254e+02
599           	5.916372e+02
600           	5.916489e+02
601           	5.916604e+02
602           	5.916719e+02
603           	5.916831e+02
604           	5.916943e+02
605           	5.917053e+02
606           	5.917162e+02
607           	5.917270e+02
608           	5.917377e+02
609           	5.917483e+02
610           	5.917587e+02
611           	5.917690e+02
612           	5.917792e+02
613           	5.917893e+02
614           	5.917993e+02
615           	5.918092e+02
616           	5.918190e+02
617           	5.918287e+02
618           	5.918382e+02
619           	5.918477e+02
620           	5.918571e+02
621           	5.918664e+02
622           	5.918756e+02
623           	5.918846e+02
624           	5.918936e+02
625           	5.919025e+02
626           	5.919113e+02
627           	5.919201e+02
628           	5.919287e+02
629           	5.919373e+02
630           	5.919457e+02
631           	5.919541e+02
632           	5.919624e+02
633           	5.919706e+02
634           	5.919788e+02
635           	5.919868e+02
636           	5.919948e+02
637           	5.920027e+02
638           	5.920105e+02
639           	5.920183e+02
640           	5.920260e+02
641           	5.920336e+02
642           	5.920411e+02
643           	5.920486e+02
644           	5.920560e+02
645           	5.920633e+02
646           	5.920706e+02
647           	5.920778e+02
648           	5.920849e+02
649           	5.920920e+02
650           	5.920990e+02
651           	5.921060e+02
652           	5.921129e+02
653           	5.921197e+02
654           	5.921265e+02
655           	5.921332e+02
656           	5.921398e+02
657           	5.921464e+02
658           	5.921529e+02
659           	5.921594e+02
660           	5.921658e+02
661           	5.921722e+02
662           	5.921785e+02
663           	5.921848e+02
664           	5.921910e+02
665           	5.921971e+02
666           	5.922032e+02
667           	5.922093e+02
668           	5.922153e+02
669           	5.922212e+02
670           	5.922271e+02
671           	5.922330e+02
672           	5.922388e+02
673           	5.922445e+02
674           	5.922502e+02
675           	5.922559e+02
676           	5.922615e+02
677           	5.922670e+02
678           	5.922725e+02
679           	5.922780e+02
680           	5.922834e+02
681           	5.922888e+02
682           	5.922941e+02
683           	5.922994e+02
684           	5.923046e+02
685           	5.923098e+02
686           	5.923149e+02
687           	5.923200e+02
688           	5.923251e+02
689           	5.923301e+02
690           	5.923351e+02
691           	5.923400e+02
692           	5.923449e+02
693           	5.923497e+02
694           	5.923545e+02
695           	5.923593e+02
696           	5.923640e+02
697           	5.923687e+02
698           	5.923733e+02
699           	5.923779e+02
700           	5.923824e+02
701           	5.923869e+02
702           	5.923914e+02
703           	5.923958e+02
704           	5.924002e+02
705           	5.924046e+02
706           	5.924089e+02
707           	5.924132e+02
708           	5.924174e+02
709           	5.924216e+02
710           	5.924258e+02
711           	5.924299e+02
712           	5.924340e+02
713           	5.924380e+02
714           	5.924420e+02
715           	5.924460e+02
716           	5.924500e+02
717           	5.924539e+02
718           	5.924577e+02
719           	5.924616e+02
720           	5.924654e+02
721           	5.924691e+02
722           	5.924729e+02
723           	5.924766e+02
724           	5.924802e+02
725           	5.924838e+02
726           	5.924874e+02
727           	5.924910e+02
728           	5.924945e+02
729           	5.924980e+02
730           	5.925015e+02
731           	5.925049e+02
732           	5.925083e+02
733           	5.925117e+02
734           	5.925150e+02
735           	5.925183e+02
736           	5.925216e+02
737           	5.925248e+02
738           	5.925280e+02
739           	5.925312e+02
740           	5.925343e+02
741           	5.925375e+02
742           	5.925405e+02
743           	5.925436e+02
744           	5.925466e+02
745           	5.925496e+02
746           	5.925526e+02
747           	5.925555e+02
748           	5.925585e+02
749           	5.925614e+02
750           	5.925642e+02
751           	5.925670e+02
752           	5.925698e+02
753           	5.925726e+02
754           	5.925754e+02
755           	5.925781e+02
756           	5.925808e+02
757           	5.925835e+02
758           	5.925861e+02
759           	5.925887e+02
760           	5.925913e+02
761           	5.925939e+02
762           	5.925964e+02
763           	5.925990e+02
764           	5.926015e+02
765           	5.926039e+02
766           	5.926064e+02
767           	5.926088e+02
768           	5.926112e+02
769           	5.926136e+02
770           	5.926159e+02
771           	5.926183e+02
772           	5.926206e+02
773           	5.926228e+02
774           	5.926251e+02
775           	5.926273e+02
776           	5.926296e+02
777           	5.926318e+02
778           	5.926339e+02
779           	5.926361e+02
780           	5.926382e+02
781           	5.926403e+02
782           	5.926424e+02
783           	5.926445e+02
784           	5.926466e+02
785           	5.926486e+02
786           	5.926506e+02
787           	5.926526e+02
788           	5.926546e+02
789           	5.926565e+02
790           	5.926585e+02
791           	5.926604e+02
792           	5.926623e+02
793           	5.926642e+02
794           	5.926661e+02
795           	5.926679e+02
796           	5.926698e+02
797           	5.926716e+02
798           	5.926734e+02
799           	5.926752e+02
800           	5.926769e+02
801           	5.926787e+02
802           	5.926804e+02
803           	5.926821e+02
804           	5.926838e+02
805           	5.926855e+02
806           	5.926872e+02
807           	5.926889e+02
808           	5.926905e+02
809           	5.926921e+02
810           	5.926938e+02
811           	5.926954e+02
812           	5.926969e+02
813           	5.926985e+02
814           	5.927001e+02
815           	5.927016e+02
816           	5.927032e+02
817           	5.927047e+02
818           	5.927062e+02
819           	5.927077e+02
820           	5.927091e+02
821           	5.927106e+02
822           	5.927121e+02
823           	5.927135e+02
824           	5.927149e+02
825           	5.927163e+02
826           	5.927178e+02
827           	5.927191e+02
828           	5.927205e+02
829           	5.927219e+02
830           	5.927232e+02
831           	5.927246e+02
832           	5.927259e+02
833           	5.927272e+02
834           	5.927286e+02
835           	5.927299e+02
836           	5.927311e+02
837           	5.927324e+02
838           	5.927337e+02
839           	5.927349e+02
840           	5.927362e+02
841           	5.927374e+02
842           	5.927386e+02
843           	5.927399e+02
844           	5.927411e+02
845           	5.927423e+02
846           	5.927434e+02
847           	5.927446e+02
848           	5.927458e+02
849           	5.927469e+02
850           	5.927481e+02
851           	5.927492e+02
852           	5.927504e+02
853           	5.927515e+02
854           	5.927526e+02
855           	5.927537e+02
856           	5.927548e+02
857           	5.927559e+02
858           	5.927569e+02
859           	5.927580e+02
860           	5.927590e+02
861           	5.927601e+02
862           	5.927611e+02
863           	5.927622e+02
864           	5.927632e+02
865           	5.927642e+02
866           	5.927652e+02
867           	5.927662e+02
868           	5.927672e+02
869           	5.927682e+02
870           	5.927691e+02
871           	5.927701e+02
872           	5.927711e+02
873           	5.927720e+02
874           	5.927730e+02
875           	5.927739e+02
876           	5.927748e+02
877           	5.927757e+02
878           	5.927767e+02
879           	5.927776e+02
880           	5.927785e+02
881           	5.927794e+02
882           	5.927802e+02
883           	5.927811e+02
884           	5.927820e+02
885           	5.927829e+02
886           	5.927837e+02
887           	5.927846e+02
888           	5.927854e+02
889           	5.927862e+02
890           	5.927871e+02
891           	5.927879e+02
892           	5.927887e+02
893           	5.927895e+02
894           	5.927903e+02
895           	5.927911e+02
896           	5.927919e+02
897           	5.927927e+02
898           	5.927935e+02
899           	5.927943e+02
900           	5.927950e+02
901           	5.927958e+02
902           	5.927965e+02
903           	5.927973e+02
904           	5.927980e+02
905           	5.927988e+02
906           	5.927995e+02
907           	5.928002e+02
908           	5.928009e+02
909           	5.928017e+02
910           	5.928024e+02
911           	5.928031e+02
912           	5.928038e+02
913           	5.928044e+02
914           	5.928051e+02
915           	5.928058e+02
916           	5.928065e+02
917           	5.928072e+02
918           	5.928078e+02
919           	5.928085e+02
920           	5.928091e+02
921           	5.928098e+02
922           	5.928104e+02
923           	5.928110e+02
924           	5.928117e+02
925           	5.928123e+02
926           	5.928129e+02
927           	5.928135e+02
928           	5.928141e+02
929           	5.928148e+02
930           	5.928154e+02
931           	5.928159e+02
932           	5.928165e+02
933           	5.928171e+02
934           	5.928177e+02
935           	5.928183e+02
936           	5.928188e+02
937           	5.928194e+02
938           	5.928200e+02
939           	5.928205e+02
940           	5.928211e+02
941           	5.928216e+02
942           	5.928222e+02
943           	5.928227e+02
944           	5.928232e+02
945           	5.928238e+02
946           	5.928243e+02
947           	5.928248e+02
948           	5.928253e+02
949           	5.928258e+02
950           	5.928263e+02
951           	5.928268e+02
952           	5.928273e+02
953           	5.928278e+02
954           	5.928283e+02
955           	5.928288e+02
956           	5.928293e+02
957           	5.928298e+02
958           	5.928302e+02
959           	5.928307e+02
960           	5.928312e+02
961           	5.928316e+02
962           	5.928321e+02
963           	5.928325e+02
964           	5.928330e+02
965           	5.928334e+02
966           	5.928339e+02
967           	5.928343e+02
968           	5.928347e+02
969           	5.928352e+02
970           	5.928356e+02
971           	5.928360e+02
972           	5.928364e+02
973           	5.928368e+02
974           	5.928372e+02
975           	5.928376e+02
976           	5.928380e+02
977           	5.928384e+02
978           	5.928388e+02
979           	5.928392e+02
980           	5.928396e+02
981           	5.928400e+02
982           	5.928404e+02
983           	5.928407e+02
984           	5.928411e+02
985           	5.928415e+02
986           	5.928419e+02
987           	5.928422e+02
988           	5.928426e+02
989           	5.928429e+02
990           	5.928433e+02
991           	5.928436e+02
992           	5.928440e+02
993           	5.928443e+02
994           	5.928447e+02
995           	5.928450e+02
996           	5.928453e+02
997           	5.928457e+02
998           	5.928460e+02
999           	5.928463e+02
1000          	5.928466e+02
1001          	5.928470e+02
1002          	5.928473e+02
1003          	5.928476e+02
1004          	5.928479e+02
1005          	5.928482e+02
1006          	5.928485e+02
1007          	5.928488e+02
1008          	5.928491e+02
1009          	5.928494e+02
1010          	5.928497e+02
1011          	5.928500e+02
1012          	5.928503e+02
1013          	5.928506e+02
1014          	5.928509e+02
1015          	5.928511e+02
1016          	5.928514e+02
1017          	5.928517e+02
1018          	5.928520e+02
1019          	5.928522e+02
1020          	5.928525e+02
1021          	5.928528e+02
1022          	5.928530e+02
1023          	5.928533e+02
1024          	5.928536e+02
1025          	5.928538e+02
1026          	5.928541e+02
1027          	5.928543e+02
1028          	5.928546e+02
1029          	5.928548e+02
1030          	5.928551e+02
1031          	5.928553e+02
1032          	5.928556e+02
1033          	5.928558e+02
1034          	5.928560e+02
1035          	5.928563e+02
1036          	5.928565e+02
1037          	5.928567e+02
1038          	5.928570e+02
1039          	5.928572e+02
1040          	5.928574e+02
1041          	5.928576e+02
1042          	5.928579e+02
1043          	5.928581e+02
1044          	5.928583e+02
1045          	5.928585e+02
1046          	5.928587e+02
1047          	5.928590e+02
1048          	5.928592e+02
1049          	5.928594e+02
1050          	5.928596e+02
1051          	5.928598e+02
1052          	5.928600e+02
1053          	5.928602e+02
1054          	5.928604e+02
1055          	5.928606e+02
1056          	5.928608e+02
1057          	5.928610e+02
1058          	5.928612e+02
1059          	5.928614e+02
1060          	5.928616e+02
1061          	5.928618e+02
1062          	5.928620e+02
1063          	5.928622e+02
1064          	5.928624e+02
1065          	5.928626e+02
1066          	5.928627e+02
1067          	5.928629e+02
1068          	5.928631e+02
1069          	5.928633e+02
1070          	5.928635e+02
1071          	5.928637e+02
1072          	5.928638e+02
1073          	5.928640e+02
1074          	5.928642e+02
1075          	5.928644e+02
1076          	5.928646e+02
1077          	5.928647e+02
1078          	5.928649e+02
1079          	5.928651e+02
1080          	5.928652e+02
1081          	5.928654e+02
1082          	5.928656e+02
1083          	5.928657e+02
1084          	5.928659e+02
1085          	5.928661e+02
1086          	5.928662e+02
1087          	5.928664e+02
1088          	5.928666e+02
1089          	5.928667e+02
1090          	5.928669e+02
1091          	5.928670e+02
1092          	5.928672e+02
1093          	5.928673e+02
1094          	5.928675e+02
1095          	5.928676e+02
1096          	5.928678e+02
1097          	5.928680e+02
1098          	5.928681e+02
1099          	5.928683e+02
1100          	5.928684e+02
1101          	5.928685e+02
1102          	5.928687e+02
1103          	5.928688e+02
1104          	5.928690e+02
1105          	5.928691e+02
1106          	5.928693e+02
1107          	5.928694e+02
1108          	5.928695e+02
1109          	5.928697e+02
1110          	5.928698e+02
1111          	5.928700e+02
1112          	5.928701e+02
1113          	5.928702e+02
1114          	5.928704e+02
1115          	5.928705e+02
1116          	5.928706e+02
1117          	5.928707e+02
1118          	5.928709e+02
1119          	5.928710e+02
1120          	5.928711e+02
1121          	5.928713e+02
1122          	5.928714e+02
1123          	5.928715e+02
1124          	5.928716e+02
1125          	5.928717e+02
1126          	5.928719e+02
1127          	5.928720e+02
1128          	5.928721e+02
1129          	5.928722e+02
1130          	5.928723e+02
1131          	5.928724e+02
1132          	5.928726e+02
1133          	5.928727e+02
1134          	5.928728e+02
1135          	5.928729e+02
1136          	5.928730e+02
1137          	5.928731e+02
1138          	5.928732e+02
1139          	5.928733e+02
1140          	5.928734e+02
1141          	5.928735e+02
1142          	5.928736e+02
1143          	5.928737e+02
1144          	5.928738e+02
1145          	5.928739e+02
1146          	5.928740e+02
1147          	5.928741e+02
1148          	5.928741e+02
1149          	5.928742e+02
1150          	5.928743e+02
1151          	5.928744e+02
1152          	5.928745e+02
1153          	5.928745e+02
1154          	5.928746e+02
1155          	5.928747e+02
1156          	5.928748e+02
1157          	5.928748e+02
1158          	5.928749e+02
1159          	5.928750e+02
1160          	5.928750e+02
1161          	5.928751e+02
1162          	5.928752e+02
1163          	5.928752e+02
1164          	5.928753e+02
1165          	5.928753e+02
1166          	5.928754e+02
1167          	5.928755e+02
1168          	5.928755e+02
1169          	5.928756e+02
1170          	5.928756e+02
1171          	5.928757e+02
1172          	5.928757e+02
1173          	5.928758e+02
1174          	5.928758e+02
1175          	5.928759e+02
1176          	5.928759e+02
1177          	5.928760e+02
1178          	5.928760e+02
1179          	5.928760e+02
1180          	5.928761e+02
1181          	5.928761e+02
1182          	5.928762e+02
1183          	5.928762e+02
1184          	5.928763e+02
1185          	5.928763e+02
1186          	5.928763e+02
1187          	5.928764e+02
1188          	5.928764e+02
1189          	5.928765e+02
1190          	5.928765e+02
1191          	5.928765e+02
1192          	5.928766e+02
1193          	5.928766e+02
1194          	5.928766e+02
1195          	5.928766e+02
1196          	5.928766e+02
1197          	5.928766e+02
1198          	5.928766e+02
1199          	5.928766e+02
1200          	5.928766e+02
1201          	5.928766e+02
1202          	5.928766e+02
1203          	5.928766e+02
1204          	5.928767e+02
1205          	5.928767e+02
1206          	5.928767e+02
1207          	5.928768e+02
1208          	5.928768e+02
1209          	5.928769e+02
1210          	5.928769e+02
1211          	5.928769e+02
1212          	5.928770e+02
1213          	5.928770e+02
1214          	5.928770e+02
1215          	5.928771e+02
1216          	5.928771e+02
1217          	5.928772e+02
1218          	5.928772e+02
1219          	5.928772e+02
1220          	5.928773e+02
1221          	5.928773e+02
1222          	5.928773e+02
1223          	5.928774e+02
1224          	5.928774e+02
1225          	5.928775e+02
1226          	5.928775e+02
1227          	5.928775e+02
1228          	5.928776e+02
1229          	5.928776e+02
1230          	5.928777e+02
1231          	5.928777e+02
1232          	5.928777e+02
1233          	5.928778e+02
1234          	5.928778e+02
1235          	5.928779e+02
1236          	5.928779e+02
1237          	5.928779e+02
1238          	5.928780e+02
1239          	5.928780e+02
1240          	5.928781e+02
1241          	5.928781e+02
1242          	5.928781e+02
1243          	5.928782e+02
1244          	5.928782e+02
1245          	5.928783e+02
1246          	5.928783e+02
1247          	5.928783e+02
1248          	5.928784e+02
1249          	5.928784e+02
1250          	5.928785e+02
1251          	5.928785e+02
1252          	5.928785e+02
1253          	5.928786e+02
1254          	5.928786e+02
1255          	5.928787e+02
1256          	5.928787e+02
1257          	5.928787e+02
1258          	5.928788e+02
1259          	5.928788e+02
1260          	5.928789e+02
1261          	5.928789e+02
1262          	5.928789e+02
1263          	5.928790e+02
1264          	5.928790e+02
1265          	5.928790e+02
1266          	5.928791e+02
1267          	5.928791e+02
1268          	5.928792e+02
1269          	5.928792e+02
1270          	5.928792e+02
1271          	5.928793e+02
1272          	5.928793e+02
1273          	5.928793e+02
1274          	5.928793e+02
1275          	5.928793e+02
1276          	5.928794e+02
1277          	5.928794e+02
1278          	5.928794e+02
1279          	5.928794e+02
1280          	5.928794e+02
1281          	5.928794e+02
1282          	5.928794e+02
1283          	5.928794e+02
1284          	5.928794e+02
1285          	5.928794e+02
1286          	5.928794e+02
1287          	5.928794e+02
1288          	5.928794e+02
1289          	5.928794e+02
1290          	5.928794e+02
1291          	5.928794e+02
1292          	5.928794e+02
1293          	5.928794e+02
1294          	5.928794e+02
1295          	5.928794e+02
1296          	5.928794e+02
1297          	5.928794e+02
1298          	5.928794e+02
1299          	5.928794e+02
1300          	5.928794e+02
1301          	5.928794e+02
1302          	5.928794e+02
1303          	5.928794e+02
1304          	5.928794e+02
1305          	5.928794e+02
1306          	5.928794e+02
1307          	5.928794e+02
1308          	5.928794e+02
1309          	5.928794e+02
1310          	5.928794e+02
1311          	5.928794e+02
1312          	5.928794e+02
1313          	5.928794e+02
1314          	5.928794e+02
1315          	5.928794e+02
1316          	5.928794e+02
1317          	5.928794e+02
1318          	5.928794e+02
1319          	5.928794e+02
1320          	5.928794e+02
1321          	5.928794e+02
1322          	5.928794e+02
1323          	5.928794e+02
1324          	5.928794e+02
1325          	5.928794e+02
1326          	5.928794e+02
1327          	5.928794e+02
1328          	5.928794e+02
1329          	5.928794e+02
1330          	5.928794e+02
1331          	5.928794e+02
1332          	5.928794e+02
1333          	5.928794e+02
1334          	5.928794e+02
1335          	5.928794e+02
1336          	5.928794e+02
1337          	5.928794e+02
1338          	5.928794e+02
1339          	5.928794e+02
1340          	5.928794e+02
1341          	5.928794e+02
1342          	5.928794e+02
1343          	5.928794e+02
1344          	5.928794e+02
1345          	5.928794e+02
1346          	5.928794e+02
1347          	5.928794e+02
1348          	5.928794e+02
1349          	5.928794e+02
1350          	5.928794e+02
1351          	5.928794e+02
1352          	5.928794e+02
1353          	5.928794e+02
1354          	5.928794e+02
1355          	5.928794e+02
1356          	5.928794e+02
1357          	5.928794e+02
1358          	5.928794e+02
1359          	5.928794e+02
1360          	5.928794e+02
1361          	5.928794e+02
1362          	5.928794e+02
1363          	5.928794e+02
1364          	5.928794e+02
1365          	5.928794e+02
1366          	5.928794e+02
1367          	5.928794e+02
1368          	5.928794e+02
1369          	5.928794e+02
1370          	5.928794e+02
1371          	5.928794e+02
1372          	5.928794e+02
1373          	5.928794e+02
1374          	5.928794e+02
1375          	5.928794e+02
1376          	5.928794e+02
1377          	5.928794e+02
1378          	5.928794e+02
1379          	5.928794e+02
1380          	5.928794e+02
1381          	5.928794e+02
1382          	5.928794e+02
1383          	5.928794e+02
1384          	5.928794e+02
1385          	5.928794e+02
1386          	5.928794e+02
1387          	5.928794e+02
1388          	5.928794e+02
1389          	5.928794e+02
1390          	5.928794e+02
1391          	5.928794e+02
1392          	5.928794e+02
1393          	5.928794e+02
1394          	5.928794e+02
1395          	5.928794e+02
1396          	5.928794e+02
1397          	5.928794e+02
1398          	5.928794e+02
1399          	5.928794e+02
1400          	5.928794e+02
1401          	5.928794e+02
1402          	5.928794e+02
1403          	5.928794e+02
1404          	5.928794e+02
1405          	5.928794e+02
1406          	5.928794e+02
1407          	5.928794e+02
1408          	5.928794e+02
1409          	5.928794e+02
1410          	5.928794e+02
1411          	5.928794e+02
1412          	5.928794e+02
1413          	5.928794e+02
1414          	5.928794e+02
1415          	5.928794e+02
1416          	5.928794e+02
1417          	5.928794e+02
1418          	5.928794e+02
1419          	5.928794e+02
1420          	5.928794e+02
1421          	5.928794e+02
1422          	5.928794e+02
1423          	5.928794e+02
1424          	5.928794e+02
1425          	5.928794e+02
1426          	5.928794e+02
1427          	5.928794e+02
1428          	5.928794e+02
1429          	5.928794e+02
1430          	5.928794e+02
1431          	5.928794e+02
1432          	5.928794e+02
1433          	5.928794e+02
1434          	5.928794e+02
1435          	5.928794e+02
1436          	5.928794e+02
1437          	5.928794e+02
1438          	5.928794e+02
1439          	5.928794e+02
1440          	5.928794e+02
1441          	5.928794e+02
1442          	5.928794e+02
1443          	5.928794e+02
1444          	5.928794e+02
1445          	5.928794e+02
1446          	5.928794e+02
1447          	5.928794e+02
1448          	5.928794e+02
1449          	5.928794e+02
1450          	5.928794e+02
1451          	5.928794e+02
1452          	5.928794e+02
1453          	5.928794e+02
1454          	5.928794e+02
1455          	5.928794e+02
1456          	5.928794e+02
1457          	5.928794e+02
1458          	5.928794e+02
1459          	5.928794e+02
1460          	5.928794e+02
1461          	5.928794e+02
1462          	5.928794e+02
1463          	5.928794e+02
1464          	5.928794e+02
1465          	5.928794e+02
1466          	5.928794e+02
1467          	5.928794e+02
1468          	5.928794e+02
1469          	5.928794e+02
1470          	5.928794e+02
1471          	5.928794e+02
1472          	5.928794e+02
1473          	5.928794e+02
1474          	5.928794e+02
1475          	5.928794e+02
1476          	5.928794e+02
1477          	5.928794e+02
1478          	5.928794e+02
1479          	5.928794e+02
1480          	5.928794e+02
1481          	5.928794e+02
1482          	5.928794e+02
1483          	5.928794e+02
1484          	5.928794e+02
1485          	5.928794e+02
1486          	5.928794e+02
1487          	5.928794e+02
1488          	5.928794e+02
1489          	5.928794e+02
1490          	5.928794e+02
1491          	5.928794e+02
1492          	5.928794e+02
1493          	5.928794e+02
1494          	5.928794e+02
1495          	5.928794e+02
1496          	5.928794e+02
1497          	5.928794e+02
1498          	5.928794e+02
1499          	5.928794e+02
1500          	5.928794e+02
1501          	5.928794e+02
1502          	5.928794e+02
1503          	5.928794e+02
1504          	5.928794e+02
1505          	5.928794e+02
1506          	5.928794e+02
1507          	5.928794e+02
1508          	5.928794e+02
1509          	5.928794e+02
1510          	5.928794e+02
1511          	5.928794e+02
1512          	5.928794e+02
1513          	5.928794e+02
1514          	5.928794e+02
1515          	5.928794e+02
1516          	5.928794e+02
1517          	5.928794e+02
1518          	5.928794e+02
1519          	5.928794e+02
1520          	5.928794e+02
1521          	5.928794e+02
1522          	5.928794e+02
1523          	5.928794e+02
1524          	5.928794e+02
1525          	5.928794e+02
1526          	5.928794e+02
1527          	5.928794e+02
1528          	5.928794e+02
1529          	5.928794e+02
1530          	5.928794e+02
1531          	5.928794e+02
1532          	5.928794e+02
1533          	5.928794e+02
1534          	5.928794e+02
1535          	5.928794e+02
1536          	5.928794e+02
1537          	5.928794e+02
1538          	5.928794e+02
1539          	5.928794e+02
1540          	5.928794e+02
1541          	5.928794e+02
1542          	5.928794e+02
1543          	5.928794e+02
1544          	5.928794e+02
1545          	5.928794e+02
1546          	5.928794e+02
1547          	5.928794e+02
1548          	5.928794e+02
1549          	5.928794e+02
1550          	5.928794e+02
1551          	5.928794e+02
1552          	5.928794e+02
1553          	5.928794e+02
1554          	5.928794e+02
1555          	5.928794e+02
1556          	5.928794e+02
1557          	5.928794e+02
1558          	5.928794e+02
1559          	5.928794e+02
1560          	5.928794e+02
1561          	5.928794e+02
1562          	5.928794e+02
1563          	5.928794e+02
1564          	5.928794e+02
1565          	5.928794e+02
1566          	5.928794e+02
1567          	5.928794e+02
1568          	5.928794e+02
1569          	5.928794e+02
1570          	5.928794e+02
1571          	5.928794e+02
1572          	5.928794e+02
1573          	5.928794e+02
1574          	5.928794e+02
1575          	5.928794e+02
1576          	5.928794e+02
1577          	5.928794e+02
1578          	5.928794e+02
1579          	5.928794e+02
1580          	5.928794e+02
1581          	5.928794e+02
1582          	5.928794e+02
1583          	5.928794e+02
1584          	5.928794e+02
1585          	5.928794e+02
1586          	5.928794e+02
1587          	5.928794e+02
1588          	5.928794e+02
1589          	5.928794e+02
1590          	5.928794e+02
1591          	5.928794e+02
1592          	5.928794e+02
1593          	5.928794e+02
1594          	5.928794e+02
1595          	5.928794e+02
1596          	5.928794e+02
1597          	5.928794e+02
1598          	5.928794e+02
1599          	5.928794e+02
1600          	5.928794e+02
1601          	5.928794e+02
1602          	5.928794e+02
1603          	5.928794e+02
1604          	5.928794e+02
1605          	5.928794e+02
1606          	5.928794e+02
1607          	5.928794e+02
1608          	5.928794e+02
1609          	5.928794e+02
1610          	5.928794e+02
1611          	5.928794e+02
1612          	5.928794e+02
1613          	5.928794e+02
1614          	5.928794e+02
1615          	5.928794e+02
1616          	5.928794e+02
1617          	5.928794e+02
1618          	5.928794e+02
1619          	5.928794e+02
1620          	5.928794e+02
1621          	5.928794e+02
1622          	5.928794e+02
1623          	5.928794e+02
1624          	5.928794e+02
1625          	5.928794e+02
1626          	5.928794e+02
1627          	5.928794e+02
1628          	5.928794e+02
1629          	5.928794e+02
1630          	5.928794e+02
1631          	5.928794e+02
1632          	5.928794e+02
1633          	5.928794e+02
1634          	5.928794e+02
1635          	5.928794e+02
1636          	5.928794e+02
1637          	5.928794e+02
1638          	5.928794e+02
1639          	5.928794e+02
1640          	5.928794e+02
1641          	5.928794e+02
1642          	5.928794e+02
1643          	5.928794e+02
1644          	5.928794e+02
1645          	5.928794e+02
1646          	5.928794e+02
1647          	5.928794e+02
1648          	5.928794e+02
1649          	5.928794e+02
1650          	5.928794e+02
1651          	5.928794e+02
1652          	5.928794e+02
1653          	5.928794e+02
1654          	5.928794e+02
1655          	5.928794e+02
1656          	5.928794e+02
1657          	5.928794e+02
1658          	5.928794e+02
1659          	5.928794e+02
1660          	5.928794e+02
1661          	5.928794e+02
1662          	5.928794e+02
1663          	5.928794e+02
1664          	5.928794e+02
1665          	5.928794e+02
1666          	5.928794e+02
1667          	5.928794e+02
1668          	5.928794e+02
1669          	5.928794e+02
1670          	5.928794e+02
1671          	5.928794e+02
1672          	5.928794e+02
1673          	5.928794e+02
1674          	5.928794e+02
1675          	5.928794e+02
1676          	5.928794e+02
1677          	5.928794e+02
1678          	5.928794e+02
1679          	5.928794e+02
1680          	5.928794e+02
1681          	5.928794e+02
1682          	5.928794e+02
1683          	5.928794e+02
1684          	5.928794e+02
1685          	5.928794e+02
1686          	5.928794e+02
1687          	5.928794e+02
1688          	5.928794e+02
1689          	5.928794e+02
1690          	5.928794e+02
1691          	5.928794e+02
1692          	5.928794e+02
1693          	5.928794e+02
1694          	5.928794e+02
1695          	5.928794e+02
1696          	5.928794e+02
1697          	5.928794e+02
1698          	5.928794e+02
1699          	5.928794e+02
1700          	5.928794e+02
1701          	5.928794e+02
1702          	5.928794e+02
1703          	5.928794e+02
1704          	5.928794e+02
1705          	5.928794e+02
1706          	5.928794e+02
1707          	5.928794e+02
1708          	5.928794e+02
1709          	5.928794e+02
1710          	5.928794e+02
1711          	5.928794e+02
1712          	5.928794e+02
1713          	5.928794e+02
1714          	5.928794e+02
1715          	5.928794e+02
1716          	5.928794e+02
1717          	5.928794e+02
1718          	5.928794e+02
1719          	5.928794e+02
1720          	5.928794e+02
1721          	5.928794e+02
1722          	5.928794e+02
1723          	5.928794e+02
1724          	5.928794e+02
1725          	5.928794e+02
1726          	5.928794e+02
1727          	5.928794e+02
1728          	5.928794e+02
1729          	5.928794e+02
1730          	5.928794e+02
1731          	5.928794e+02
1732          	5.928794e+02
1733          	5.928794e+02
1734          	5.928794e+02
1735          	5.928794e+02
1736          	5.928794e+02
1737          	5.928794e+02
1738          	5.928794e+02
1739          	5.928794e+02
1740          	5.928794e+02
1741          	5.928794e+02
1742          	5.928794e+02
1743          	5.928794e+02
1744          	5.928794e+02
1745          	5.928794e+02
1746          	5.928794e+02
1747          	5.928794e+02
1748          	5.928794e+02
1749          	5.928794e+02
1750          	5.928794e+02
1751          	5.928794e+02
1752          	5.928794e+02
1753          	5.928794e+02
1754          	5.928794e+02
1755          	5.928794e+02
1756          	5.928794e+02
1757          	5.928794e+02
1758          	5.928794e+02
1759          	5.928794e+02
1760          	5.928794e+02
1761          	5.928794e+02
1762          	5.928794e+02
1763          	5.928794e+02
1764          	5.928794e+02
1765          	5.928794e+02
1766          	5.928794e+02
1767          	5.928794e+02
1768          	5.928794e+02
1769          	5.928794e+02
1770          	5.928794e+02
1771          	5.928794e+02
1772          	5.928794e+02
1773          	5.928794e+02
1774          	5.928794e+02
1775          	5.928794e+02
1776          	5.928794e+02
1777          	5.928794e+02
1778          	5.928794e+02
1779          	5.928794e+02
1780          	5.928794e+02
1781          	5.928794e+02
1782          	5.928794e+02
1783          	5.928794e+02
1784          	5.928794e+02
1785          	5.928794e+02
1786          	5.928794e+02
1787          	5.928794e+02
1788          	5.928794e+02
1789          	5.928794e+02
1790          	5.928794e+02
1791          	5.928794e+02
1792          	5.928794e+02
1793          	5.928794e+02
1794          	5.928794e+02
1795          	5.928794e+02
1796          	5.928794e+02
1797          	5.928794e+02
1798          	5.928794e+02
1799          	5.928794e+02
1800          	5.928794e+02
1801          	5.928794e+02
1802          	5.928794e+02
1803          	5.928794e+02
1804          	5.928794e+02
1805          	5.928794e+02
1806          	5.928794e+02
1807          	5.928794e+02
1808          	5.928794e+02
1809          	5.928794e+02
1810          	5.928794e+02
1811          	5.928794e+02
1812          	5.928794e+02
1813          	5.928794e+02
1814          	5.928794e+02
1815          	5.928794e+02
1816          	5.928794e+02
1817          	5.928794e+02
1818          	5.928794e+02
1819          	5.928794e+02
1820          	5.928794e+02
1821          	5.928794e+02
1822          	5.928794e+02
1823          	5.928794e+02
1824          	5.928794e+02
1825          	5.928794e+02
1826          	5.928794e+02
1827          	5.928794e+02
1828          	5.928794e+02
1829          	5.928794e+02
1830          	5.928794e+02
1831          	5.928794e+02
1832          	5.928794e+02
1833          	5.928794e+02
1834          	5.928794e+02
1835          	5.928794e+02
1836          	5.928794e+02
1837          	5.928794e+02
1838          	5.928794e+02
1839          	5.928794e+02
1840          	5.928794e+02
1841          	5.928794e+02
1842          	5.928794e+02
1843          	5.928794e+02
1844          	5.928794e+02
1845          	5.928794e+02
1846          	5.928794e+02
1847          	5.928794e+02
1848          	5.928794e+02
1849          	5.928794e+02
1850          	5.928794e+02
1851          	5.928794e+02
1852          	5.928794e+02
1853          	5.928794e+02
1854          	5.928794e+02
1855          	5.928794e+02
1856          	5.928794e+02
1857          	5.928794e+02
1858          	5.928794e+02
1859          	5.928794e+02
1860          	5.928794e+02
1861          	5.928794e+02
1862          	5.928794e+02
1863          	5.928794e+02
1864          	5.928794e+02
1865          	5.928794e+02
1866          	5.928794e+02
1867          	5.928794e+02
1868          	5.928794e+02
1869          	5.928794e+02
1870          	5.928794e+02
1871          	5.928794e+02
1872          	5.928794e+02
1873          	5.928794e+02
1874          	5.928794e+02
1875          	5.928794e+02
1876          	5.928794e+02
1877          	5.928794e+02
1878          	5.928794e+02
1879          	5.928794e+02
1880          	5.928794e+02
1881          	5.928794e+02
1882          	5.928794e+02
1883          	5.928794e+02
1884          	5.928794e+02
1885          	5.928794e+02
1886          	5.928794e+02
1887          	5.928794e+02
1888          	5.928794e+02
1889          	5.928794e+02
1890          	5.928794e+02
1891          	5.928794e+02
1892          	5.928794e+02
1893          	5.928794e+02
1894          	5.928794e+02
1895          	5.928794e+02
1896          	5.928794e+02
1897          	5.928794e+02
1898          	5.928794e+02
1899          	5.928794e+02
1900          	5.928794e+02
1901          	5.928794e+02
1902          	5.928794e+02
1903          	5.928794e+02
1904          	5.928794e+02
1905          	5.928794e+02
1906          	5.928794e+02
1907          	5.928794e+02
1908          	5.928794e+02
1909          	5.928794e+02
1910          	5.928794e+02
1911          	5.928794e+02
1912          	5.928794e+02
1913          	5.928794e+02
1914          	5.928794e+02
1915          	5.928794e+02
1916          	5.928794e+02
1917          	5.928794e+02
1918          	5.928794e+02
1919          	5.928794e+02
1920          	5.928794e+02
1921          	5.928794e+02
1922          	5.928794e+02
1923          	5.928794e+02
1924          	5.928794e+02
1925          	5.928794e+02
1926          	5.928794e+02
1927          	5.928794e+02
1928          	5.928794e+02
1929          	5.928794e+02
1930          	5.928794e+02
1931          	5.928794e+02
1932          	5.928794e+02
1933          	5.928794e+02
1934          	5.928794e+02
1935          	5.928794e+02
1936          	5.928794e+02
1937          	5.928794e+02
1938          	5.928794e+02
1939          	5.928794e+02
1940          	5.928794e+02
1941          	5.928794e+02
1942          	5.928794e+02
1943          	5.928794e+02
1944          	5.928794e+02
1945          	5.928794e+02
1946          	5.928794e+02
1947          	5.928794e+02
1948          	5.928794e+02
1949          	5.928794e+02
1950          	5.928794e+02
1951          	5.928794e+02
1952          	5.928794e+02
1953          	5.928794e+02
1954          	5.928794e+02
1955          	5.928794e+02
1956          	5.928794e+02
1957          	5.928794e+02
1958          	5.928794e+02
1959          	5.928794e+02
1960          	5.928794e+02
1961          	5.928794e+02
1962          	5.928794e+02
1963          	5.928794e+02
1964          	5.928794e+02
1965          	5.928794e+02
1966          	5.928794e+02
1967          	5.928794e+02
1968          	5.928794e+02
1969          	5.928794e+02
1970          	5.928794e+02
1971          	5.928794e+02
1972          	5.928794e+02
1973          	5.928794e+02
1974          	5.928794e+02
1975          	5.928794e+02
1976          	5.928794e+02
1977          	5.928794e+02
1978          	5.928794e+02
1979          	5.928794e+02
1980          	5.928794e+02
1981          	5.928794e+02
1982          	5.928794e+02
1983          	5.928794e+02
1984          	5.928794e+02
1985          	5.928794e+02
1986          	5.928794e+02
1987          	5.928794e+02
1988          	5.928794e+02
1989          	5.928794e+02
1990          	5.928794e+02
1991          	5.928794e+02
1992          	5.928794e+02
1993          	5.928794e+02
1994          	5.928794e+02
1995          	5.928794e+02
1996          	5.928794e+02
1997          	5.928794e+02
1998          	5.928794e+02
1999          	5.928794e+02
2000          	5.928794e+02
