# Region      : all 
# Cells       : 625
# Volume      : 1.000000e-06
# Time        	volAverage(T)
0             	2.969000e+02
1             	3.088573e+02
2             	3.113892e+02
3             	3.139839e+02
4             	3.164736e+02
5             	3.189033e+02
6             	3.212882e+02
7             	3.236380e+02
8             	3.259586e+02
9             	3.282534e+02
10            	3.305247e+02
11            	3.327739e+02
12            	3.350021e+02
13            	3.372100e+02
14            	3.393980e+02
15            	3.415666e+02
16            	3.437162e+02
17            	3.458469e+02
18            	3.479592e+02
19            	3.500531e+02
20            	3.521290e+02
21            	3.541871e+02
22            	3.562275e+02
23            	3.582503e+02
24            	3.602559e+02
25            	3.622443e+02
26            	3.642157e+02
27            	3.661703e+02
28            	3.681081e+02
29            	3.700292e+02
30            	3.719339e+02
31            	3.738219e+02
32            	3.756933e+02
33            	3.775482e+02
34            	3.793865e+02
35            	3.812084e+02
36            	3.830140e+02
37            	3.848034e+02
38            	3.865766e+02
39            	3.883338e+02
40            	3.900752e+02
41            	3.918008e+02
42            	3.935108e+02
43            	3.952054e+02
44            	3.968847e+02
45            	3.985487e+02
46            	4.001977e+02
47            	4.018316e+02
48            	4.034508e+02
49            	4.050552e+02
50            	4.066451e+02
51            	4.082206e+02
52            	4.097817e+02
53            	4.113287e+02
54            	4.128616e+02
55            	4.143805e+02
56            	4.158857e+02
57            	4.173772e+02
58            	4.188551e+02
59            	4.203195e+02
60            	4.217706e+02
61            	4.232085e+02
62            	4.246332e+02
63            	4.260451e+02
64            	4.274440e+02
65            	4.288302e+02
66            	4.302037e+02
67            	4.315648e+02
68            	4.329134e+02
69            	4.342497e+02
70            	4.355739e+02
71            	4.368861e+02
72            	4.381864e+02
73            	4.394747e+02
74            	4.407514e+02
75            	4.420164e+02
76            	4.432699e+02
77            	4.445119e+02
78            	4.457426e+02
79            	4.469621e+02
80            	4.481704e+02
81            	4.493677e+02
82            	4.505540e+02
83            	4.517294e+02
84            	4.528941e+02
85            	4.540482e+02
86            	4.551917e+02
87            	4.563247e+02
88            	4.574474e+02
89            	4.585599e+02
90            	4.596621e+02
91            	4.607543e+02
92            	4.618365e+02
93            	4.629088e+02
94            	4.639712e+02
95            	4.650239e+02
96            	4.660670e+02
97            	4.671005e+02
98            	4.681245e+02
99            	4.691391e+02
100           	4.701444e+02
101           	4.711405e+02
102           	4.721274e+02
103           	4.731052e+02
104           	4.740741e+02
105           	4.750340e+02
106           	4.759851e+02
107           	4.769275e+02
108           	4.778612e+02
109           	4.787863e+02
110           	4.797029e+02
111           	4.806110e+02
112           	4.815108e+02
113           	4.824023e+02
114           	4.832855e+02
115           	4.841606e+02
116           	4.850276e+02
117           	4.858867e+02
118           	4.867378e+02
119           	4.875810e+02
120           	4.884164e+02
121           	4.892441e+02
122           	4.900641e+02
123           	4.908764e+02
124           	4.916813e+02
125           	4.924787e+02
126           	4.932686e+02
127           	4.940512e+02
128           	4.948266e+02
129           	4.955947e+02
130           	4.963557e+02
131           	4.971095e+02
132           	4.978564e+02
133           	4.985963e+02
134           	4.993293e+02
135           	5.000554e+02
136           	5.007748e+02
137           	5.014874e+02
138           	5.021934e+02
139           	5.028928e+02
140           	5.035856e+02
141           	5.042720e+02
142           	5.049519e+02
143           	5.056255e+02
144           	5.062927e+02
145           	5.069538e+02
146           	5.076086e+02
147           	5.082573e+02
148           	5.089000e+02
149           	5.095366e+02
150           	5.101672e+02
151           	5.107920e+02
152           	5.114109e+02
153           	5.120240e+02
154           	5.126313e+02
155           	5.132329e+02
156           	5.138289e+02
157           	5.144193e+02
158           	5.150041e+02
159           	5.155835e+02
160           	5.161574e+02
161           	5.167259e+02
162           	5.172890e+02
163           	5.178469e+02
164           	5.183995e+02
165           	5.189469e+02
166           	5.194892e+02
167           	5.200264e+02
168           	5.205585e+02
169           	5.210856e+02
170           	5.216078e+02
171           	5.221250e+02
172           	5.226374e+02
173           	5.231449e+02
174           	5.236477e+02
175           	5.241457e+02
176           	5.246390e+02
177           	5.251277e+02
178           	5.256118e+02
179           	5.260913e+02
180           	5.265663e+02
181           	5.270368e+02
182           	5.275029e+02
183           	5.279645e+02
184           	5.284219e+02
185           	5.288749e+02
186           	5.293236e+02
187           	5.297681e+02
188           	5.302084e+02
189           	5.306446e+02
190           	5.310767e+02
191           	5.315046e+02
192           	5.319286e+02
193           	5.323485e+02
194           	5.327645e+02
195           	5.331766e+02
196           	5.335848e+02
197           	5.339891e+02
198           	5.343897e+02
199           	5.347864e+02
200           	5.351795e+02
201           	5.355688e+02
202           	5.359544e+02
203           	5.363364e+02
204           	5.367148e+02
205           	5.370896e+02
206           	5.374609e+02
207           	5.378286e+02
208           	5.381929e+02
209           	5.385537e+02
210           	5.389111e+02
211           	5.392650e+02
212           	5.396157e+02
213           	5.399629e+02
214           	5.403069e+02
215           	5.406477e+02
216           	5.409852e+02
217           	5.413195e+02
218           	5.416506e+02
219           	5.419786e+02
220           	5.423035e+02
221           	5.426253e+02
222           	5.429441e+02
223           	5.432598e+02
224           	5.435725e+02
225           	5.438823e+02
226           	5.441891e+02
227           	5.444930e+02
228           	5.447940e+02
229           	5.450922e+02
230           	5.453875e+02
231           	5.456801e+02
232           	5.459698e+02
233           	5.462569e+02
234           	5.465412e+02
235           	5.468228e+02
236           	5.471017e+02
237           	5.473780e+02
238           	5.476517e+02
239           	5.479228e+02
240           	5.481913e+02
241           	5.484573e+02
242           	5.487208e+02
243           	5.489817e+02
244           	5.492402e+02
245           	5.494962e+02
246           	5.497498e+02
247           	5.500010e+02
248           	5.502498e+02
249           	5.504962e+02
250           	5.507403e+02
251           	5.509821e+02
252           	5.512216e+02
253           	5.514588e+02
254           	5.516938e+02
255           	5.519266e+02
256           	5.521571e+02
257           	5.523854e+02
258           	5.526116e+02
259           	5.528357e+02
260           	5.530576e+02
261           	5.532774e+02
262           	5.534951e+02
263           	5.537107e+02
264           	5.539244e+02
265           	5.541359e+02
266           	5.543455e+02
267           	5.545531e+02
268           	5.547587e+02
269           	5.549623e+02
270           	5.551640e+02
271           	5.553638e+02
272           	5.555617e+02
273           	5.557577e+02
274           	5.559519e+02
275           	5.561442e+02
276           	5.563347e+02
277           	5.565234e+02
278           	5.567102e+02
279           	5.568954e+02
280           	5.570787e+02
281           	5.572603e+02
282           	5.574402e+02
283           	5.576184e+02
284           	5.577948e+02
285           	5.579696e+02
286           	5.581428e+02
287           	5.583143e+02
288           	5.584841e+02
289           	5.586524e+02
290           	5.588190e+02
291           	5.589841e+02
292           	5.591476e+02
293           	5.593095e+02
294           	5.594699e+02
295           	5.596288e+02
296           	5.597862e+02
297           	5.599421e+02
298           	5.600965e+02
299           	5.602494e+02
300           	5.604009e+02
301           	5.605509e+02
302           	5.606995e+02
303           	5.608467e+02
304           	5.609925e+02
305           	5.611369e+02
306           	5.612800e+02
307           	5.614217e+02
308           	5.615620e+02
309           	5.617010e+02
310           	5.618387e+02
311           	5.619751e+02
312           	5.621102e+02
313           	5.622440e+02
314           	5.623765e+02
315           	5.625078e+02
316           	5.626378e+02
317           	5.627666e+02
318           	5.628941e+02
319           	5.630205e+02
320           	5.631456e+02
321           	5.632696e+02
322           	5.633924e+02
323           	5.635140e+02
324           	5.636345e+02
325           	5.637538e+02
326           	5.638720e+02
327           	5.639891e+02
328           	5.641051e+02
329           	5.642199e+02
330           	5.643337e+02
331           	5.644464e+02
332           	5.645581e+02
333           	5.646687e+02
334           	5.647782e+02
335           	5.648867e+02
336           	5.649942e+02
337           	5.651007e+02
338           	5.652062e+02
339           	5.653106e+02
340           	5.654141e+02
341           	5.655167e+02
342           	5.656182e+02
343           	5.657188e+02
344           	5.658184e+02
345           	5.659171e+02
346           	5.660149e+02
347           	5.661117e+02
348           	5.662077e+02
349           	5.663027e+02
350           	5.663968e+02
351           	5.664900e+02
352           	5.665824e+02
353           	5.666738e+02
354           	5.667644e+02
355           	5.668542e+02
356           	5.669430e+02
357           	5.670311e+02
358           	5.671183e+02
359           	5.672047e+02
360           	5.672903e+02
361           	5.673751e+02
362           	5.674591e+02
363           	5.675423e+02
364           	5.676248e+02
365           	5.677064e+02
366           	5.677873e+02
367           	5.678675e+02
368           	5.679469e+02
369           	5.680255e+02
370           	5.681035e+02
371           	5.681807e+02
372           	5.682571e+02
373           	5.683329e+02
374           	5.684080e+02
375           	5.684824e+02
376           	5.685560e+02
377           	5.686290e+02
378           	5.687013e+02
379           	5.687730e+02
380           	5.688439e+02
381           	5.689142e+02
382           	5.689839e+02
383           	5.690529e+02
384           	5.691212e+02
385           	5.691890e+02
386           	5.692561e+02
387           	5.693225e+02
388           	5.693884e+02
389           	5.694536e+02
390           	5.695182e+02
391           	5.695823e+02
392           	5.696457e+02
393           	5.697085e+02
394           	5.697708e+02
395           	5.698325e+02
396           	5.698935e+02
397           	5.699541e+02
398           	5.700140e+02
399           	5.700734e+02
400           	5.701323e+02
401           	5.701906e+02
402           	5.702484e+02
403           	5.703056e+02
404           	5.703623e+02
405           	5.704184e+02
406           	5.704740e+02
407           	5.705292e+02
408           	5.705838e+02
409           	5.706379e+02
410           	5.706915e+02
411           	5.707445e+02
412           	5.707971e+02
413           	5.708493e+02
414           	5.709009e+02
415           	5.709520e+02
416           	5.710027e+02
417           	5.710529e+02
418           	5.711026e+02
419           	5.711519e+02
420           	5.712007e+02
421           	5.712491e+02
422           	5.712970e+02
423           	5.713445e+02
424           	5.713916e+02
425           	5.714382e+02
426           	5.714843e+02
427           	5.715301e+02
428           	5.715754e+02
429           	5.716203e+02
430           	5.716647e+02
431           	5.717087e+02
432           	5.717524e+02
433           	5.717956e+02
434           	5.718384e+02
435           	5.718807e+02
436           	5.719227e+02
437           	5.719642e+02
438           	5.720054e+02
439           	5.720461e+02
440           	5.720865e+02
441           	5.721264e+02
442           	5.721660e+02
443           	5.722051e+02
444           	5.722439e+02
445           	5.722823e+02
446           	5.723203e+02
447           	5.723580e+02
448           	5.723952e+02
449           	5.724321e+02
450           	5.724687e+02
451           	5.725049e+02
452           	5.725407e+02
453           	5.725762e+02
454           	5.726114e+02
455           	5.726462e+02
456           	5.726807e+02
457           	5.727149e+02
458           	5.727487e+02
459           	5.727823e+02
460           	5.728155e+02
461           	5.728484e+02
462           	5.728811e+02
463           	5.729134e+02
464           	5.729455e+02
465           	5.729772e+02
466           	5.730087e+02
467           	5.730399e+02
468           	5.730709e+02
469           	5.731015e+02
470           	5.731319e+02
471           	5.731621e+02
472           	5.731919e+02
473           	5.732216e+02
474           	5.732509e+02
475           	5.732800e+02
476           	5.733089e+02
477           	5.733375e+02
478           	5.733659e+02
479           	5.733940e+02
480           	5.734219e+02
481           	5.734496e+02
482           	5.734770e+02
483           	5.735042e+02
484           	5.735312e+02
485           	5.735579e+02
486           	5.735844e+02
487           	5.736107e+02
488           	5.736367e+02
489           	5.736625e+02
490           	5.736880e+02
491           	5.737133e+02
492           	5.737384e+02
493           	5.737633e+02
494           	5.737879e+02
495           	5.738123e+02
496           	5.738365e+02
497           	5.738604e+02
498           	5.738841e+02
499           	5.739076e+02
500           	5.739309e+02
501           	5.739540e+02
502           	5.739768e+02
503           	5.739994e+02
504           	5.740218e+02
505           	5.740441e+02
506           	5.740661e+02
507           	5.740878e+02
508           	5.741094e+02
509           	5.741308e+02
510           	5.741520e+02
511           	5.741730e+02
512           	5.741938e+02
513           	5.742144e+02
514           	5.742348e+02
515           	5.742550e+02
516           	5.742750e+02
517           	5.742948e+02
518           	5.743144e+02
519           	5.743338e+02
520           	5.743531e+02
521           	5.743722e+02
522           	5.743910e+02
523           	5.744097e+02
524           	5.744283e+02
525           	5.744466e+02
526           	5.744648e+02
527           	5.744828e+02
528           	5.745006e+02
529           	5.745182e+02
530           	5.745357e+02
531           	5.745530e+02
532           	5.745701e+02
533           	5.745871e+02
534           	5.746039e+02
535           	5.746206e+02
536           	5.746370e+02
537           	5.746534e+02
538           	5.746695e+02
539           	5.746855e+02
540           	5.747014e+02
541           	5.747171e+02
542           	5.747326e+02
543           	5.747480e+02
544           	5.747633e+02
545           	5.747784e+02
546           	5.747933e+02
547           	5.748081e+02
548           	5.748228e+02
549           	5.748373e+02
550           	5.748517e+02
551           	5.748659e+02
552           	5.748800e+02
553           	5.748940e+02
554           	5.749078e+02
555           	5.749215e+02
556           	5.749350e+02
557           	5.749484e+02
558           	5.749617e+02
559           	5.749749e+02
560           	5.749879e+02
561           	5.750008e+02
562           	5.750136e+02
563           	5.750263e+02
564           	5.750388e+02
565           	5.750512e+02
566           	5.750635e+02
567           	5.750757e+02
568           	5.750877e+02
569           	5.750996e+02
570           	5.751114e+02
571           	5.751231e+02
572           	5.751347e+02
573           	5.751462e+02
574           	5.751576e+02
575           	5.751688e+02
576           	5.751799e+02
577           	5.751910e+02
578           	5.752019e+02
579           	5.752127e+02
580           	5.752234e+02
581           	5.752340e+02
582           	5.752445e+02
583           	5.752549e+02
584           	5.752652e+02
585           	5.752754e+02
586           	5.752855e+02
587           	5.752955e+02
588           	5.753054e+02
589           	5.753152e+02
590           	5.753249e+02
591           	5.753345e+02
592           	5.753440e+02
593           	5.753534e+02
594           	5.753627e+02
595           	5.753720e+02
596           	5.753811e+02
597           	5.753902e+02
598           	5.753991e+02
599           	5.754080e+02
600           	5.754168e+02
601           	5.754255e+02
602           	5.754341e+02
603           	5.754427e+02
604           	5.754511e+02
605           	5.754595e+02
606           	5.754678e+02
607           	5.754760e+02
608           	5.754841e+02
609           	5.754922e+02
610           	5.755001e+02
611           	5.755080e+02
612           	5.755158e+02
613           	5.755236e+02
614           	5.755312e+02
615           	5.755388e+02
616           	5.755463e+02
617           	5.755538e+02
618           	5.755611e+02
619           	5.755684e+02
620           	5.755757e+02
621           	5.755828e+02
622           	5.755899e+02
623           	5.755969e+02
624           	5.756038e+02
625           	5.756107e+02
626           	5.756175e+02
627           	5.756243e+02
628           	5.756309e+02
629           	5.756376e+02
630           	5.756441e+02
631           	5.756506e+02
632           	5.756570e+02
633           	5.756634e+02
634           	5.756697e+02
635           	5.756759e+02
636           	5.756821e+02
637           	5.756882e+02
638           	5.756942e+02
639           	5.757002e+02
640           	5.757061e+02
641           	5.757120e+02
642           	5.757178e+02
643           	5.757236e+02
644           	5.757293e+02
645           	5.757350e+02
646           	5.757406e+02
647           	5.757461e+02
648           	5.757516e+02
649           	5.757570e+02
650           	5.757624e+02
651           	5.757677e+02
652           	5.757730e+02
653           	5.757782e+02
654           	5.757834e+02
655           	5.757885e+02
656           	5.757936e+02
657           	5.757986e+02
658           	5.758036e+02
659           	5.758085e+02
660           	5.758134e+02
661           	5.758182e+02
662           	5.758230e+02
663           	5.758277e+02
664           	5.758324e+02
665           	5.758371e+02
666           	5.758417e+02
667           	5.758462e+02
668           	5.758507e+02
669           	5.758552e+02
670           	5.758596e+02
671           	5.758640e+02
672           	5.758683e+02
673           	5.758726e+02
674           	5.758769e+02
675           	5.758811e+02
676           	5.758852e+02
677           	5.758894e+02
678           	5.758935e+02
679           	5.758975e+02
680           	5.759015e+02
681           	5.759055e+02
682           	5.759094e+02
683           	5.759133e+02
684           	5.759172e+02
685           	5.759210e+02
686           	5.759248e+02
687           	5.759285e+02
688           	5.759322e+02
689           	5.759359e+02
690           	5.759395e+02
691           	5.759431e+02
692           	5.759467e+02
693           	5.759502e+02
694           	5.759537e+02
695           	5.759572e+02
696           	5.759606e+02
697           	5.759640e+02
698           	5.759673e+02
699           	5.759707e+02
700           	5.759740e+02
701           	5.759772e+02
702           	5.759805e+02
703           	5.759837e+02
704           	5.759868e+02
705           	5.759900e+02
706           	5.759931e+02
707           	5.759962e+02
708           	5.759992e+02
709           	5.760022e+02
710           	5.760052e+02
711           	5.760082e+02
712           	5.760111e+02
713           	5.760140e+02
714           	5.760169e+02
715           	5.760197e+02
716           	5.760225e+02
717           	5.760253e+02
718           	5.760281e+02
719           	5.760308e+02
720           	5.760335e+02
721           	5.760362e+02
722           	5.760389e+02
723           	5.760415e+02
724           	5.760441e+02
725           	5.760467e+02
726           	5.760493e+02
727           	5.760518e+02
728           	5.760543e+02
729           	5.760568e+02
730           	5.760592e+02
731           	5.760617e+02
732           	5.760641e+02
733           	5.760665e+02
734           	5.760688e+02
735           	5.760712e+02
736           	5.760735e+02
737           	5.760758e+02
738           	5.760781e+02
739           	5.760803e+02
740           	5.760826e+02
741           	5.760848e+02
742           	5.760869e+02
743           	5.760891e+02
744           	5.760913e+02
745           	5.760934e+02
746           	5.760955e+02
747           	5.760976e+02
748           	5.760996e+02
749           	5.761017e+02
750           	5.761037e+02
751           	5.761057e+02
752           	5.761077e+02
753           	5.761096e+02
754           	5.761116e+02
755           	5.761135e+02
756           	5.761154e+02
757           	5.761173e+02
758           	5.761192e+02
759           	5.761210e+02
760           	5.761229e+02
761           	5.761247e+02
762           	5.761265e+02
763           	5.761283e+02
764           	5.761300e+02
765           	5.761318e+02
766           	5.761335e+02
767           	5.761352e+02
768           	5.761369e+02
769           	5.761386e+02
770           	5.761403e+02
771           	5.761419e+02
772           	5.761435e+02
773           	5.761452e+02
774           	5.761468e+02
775           	5.761483e+02
776           	5.761499e+02
777           	5.761515e+02
778           	5.761530e+02
779           	5.761545e+02
780           	5.761560e+02
781           	5.761575e+02
782           	5.761590e+02
783           	5.761605e+02
784           	5.761619e+02
785           	5.761634e+02
786           	5.761648e+02
787           	5.761662e+02
788           	5.761676e+02
789           	5.761690e+02
790           	5.761704e+02
791           	5.761717e+02
792           	5.761731e+02
793           	5.761744e+02
794           	5.761757e+02
795           	5.761770e+02
796           	5.761783e+02
797           	5.761796e+02
798           	5.761808e+02
799           	5.761821e+02
800           	5.761833e+02
801           	5.761846e+02
802           	5.761858e+02
803           	5.761870e+02
804           	5.761882e+02
805           	5.761894e+02
806           	5.761905e+02
807           	5.761917e+02
808           	5.761929e+02
809           	5.761940e+02
810           	5.761951e+02
811           	5.761962e+02
812           	5.761973e+02
813           	5.761984e+02
814           	5.761995e+02
815           	5.762006e+02
816           	5.762017e+02
817           	5.762027e+02
818           	5.762038e+02
819           	5.762048e+02
820           	5.762058e+02
821           	5.762068e+02
822           	5.762078e+02
823           	5.762088e+02
824           	5.762098e+02
825           	5.762108e+02
826           	5.762117e+02
827           	5.762127e+02
828           	5.762136e+02
829           	5.762146e+02
830           	5.762155e+02
831           	5.762164e+02
832           	5.762173e+02
833           	5.762182e+02
834           	5.762191e+02
835           	5.762200e+02
836           	5.762209e+02
837           	5.762218e+02
838           	5.762226e+02
839           	5.762235e+02
840           	5.762243e+02
841           	5.762251e+02
842           	5.762260e+02
843           	5.762268e+02
844           	5.762276e+02
845           	5.762284e+02
846           	5.762292e+02
847           	5.762300e+02
848           	5.762308e+02
849           	5.762315e+02
850           	5.762323e+02
851           	5.762330e+02
852           	5.762338e+02
853           	5.762345e+02
854           	5.762353e+02
855           	5.762360e+02
856           	5.762367e+02
857           	5.762374e+02
858           	5.762381e+02
859           	5.762388e+02
860           	5.762395e+02
861           	5.762402e+02
862           	5.762409e+02
863           	5.762416e+02
864           	5.762422e+02
865           	5.762429e+02
866           	5.762435e+02
867           	5.762442e+02
868           	5.762448e+02
869           	5.762455e+02
870           	5.762461e+02
871           	5.762467e+02
872           	5.762473e+02
873           	5.762479e+02
874           	5.762486e+02
875           	5.762492e+02
876           	5.762497e+02
877           	5.762503e+02
878           	5.762509e+02
879           	5.762515e+02
880           	5.762521e+02
881           	5.762526e+02
882           	5.762532e+02
883           	5.762537e+02
884           	5.762543e+02
885           	5.762548e+02
886           	5.762554e+02
887           	5.762559e+02
888           	5.762564e+02
889           	5.762570e+02
890           	5.762575e+02
891           	5.762580e+02
892           	5.762585e+02
893           	5.762590e+02
894           	5.762595e+02
895           	5.762600e+02
896           	5.762605e+02
897           	5.762610e+02
898           	5.762614e+02
899           	5.762619e+02
900           	5.762624e+02
901           	5.762628e+02
902           	5.762633e+02
903           	5.762638e+02
904           	5.762642e+02
905           	5.762647e+02
906           	5.762651e+02
907           	5.762655e+02
908           	5.762660e+02
909           	5.762664e+02
910           	5.762668e+02
911           	5.762673e+02
912           	5.762677e+02
913           	5.762681e+02
914           	5.762685e+02
915           	5.762689e+02
916           	5.762693e+02
917           	5.762697e+02
918           	5.762701e+02
919           	5.762705e+02
920           	5.762709e+02
921           	5.762713e+02
922           	5.762716e+02
923           	5.762720e+02
924           	5.762724e+02
925           	5.762728e+02
926           	5.762731e+02
927           	5.762735e+02
928           	5.762738e+02
929           	5.762742e+02
930           	5.762745e+02
931           	5.762749e+02
932           	5.762752e+02
933           	5.762756e+02
934           	5.762759e+02
935           	5.762762e+02
936           	5.762766e+02
937           	5.762769e+02
938           	5.762772e+02
939           	5.762776e+02
940           	5.762779e+02
941           	5.762782e+02
942           	5.762785e+02
943           	5.762788e+02
944           	5.762791e+02
945           	5.762794e+02
946           	5.762797e+02
947           	5.762800e+02
948           	5.762803e+02
949           	5.762806e+02
950           	5.762809e+02
951           	5.762812e+02
952           	5.762815e+02
953           	5.762817e+02
954           	5.762820e+02
955           	5.762823e+02
956           	5.762826e+02
957           	5.762828e+02
958           	5.762831e+02
959           	5.762834e+02
960           	5.762836e+02
961           	5.762839e+02
962           	5.762842e+02
963           	5.762844e+02
964           	5.762847e+02
965           	5.762849e+02
966           	5.762852e+02
967           	5.762854e+02
968           	5.762856e+02
969           	5.762859e+02
970           	5.762861e+02
971           	5.762864e+02
972           	5.762866e+02
973           	5.762868e+02
974           	5.762871e+02
975           	5.762873e+02
976           	5.762875e+02
977           	5.762877e+02
978           	5.762879e+02
979           	5.762882e+02
980           	5.762884e+02
981           	5.762886e+02
982           	5.762888e+02
983           	5.762890e+02
984           	5.762892e+02
985           	5.762894e+02
986           	5.762896e+02
987           	5.762898e+02
988           	5.762900e+02
989           	5.762902e+02
990           	5.762904e+02
991           	5.762906e+02
992           	5.762908e+02
993           	5.762910e+02
994           	5.762912e+02
995           	5.762914e+02
996           	5.762916e+02
997           	5.762917e+02
998           	5.762919e+02
999           	5.762921e+02
1000          	5.762923e+02
1001          	5.762925e+02
1002          	5.762926e+02
1003          	5.762928e+02
1004          	5.762930e+02
1005          	5.762932e+02
1006          	5.762933e+02
1007          	5.762935e+02
1008          	5.762936e+02
1009          	5.762938e+02
1010          	5.762940e+02
1011          	5.762941e+02
1012          	5.762943e+02
1013          	5.762944e+02
1014          	5.762946e+02
1015          	5.762948e+02
1016          	5.762949e+02
1017          	5.762951e+02
1018          	5.762952e+02
1019          	5.762954e+02
1020          	5.762955e+02
1021          	5.762957e+02
1022          	5.762958e+02
1023          	5.762959e+02
1024          	5.762961e+02
1025          	5.762962e+02
1026          	5.762964e+02
1027          	5.762965e+02
1028          	5.762966e+02
1029          	5.762968e+02
1030          	5.762969e+02
1031          	5.762970e+02
1032          	5.762972e+02
1033          	5.762973e+02
1034          	5.762974e+02
1035          	5.762975e+02
1036          	5.762977e+02
1037          	5.762978e+02
1038          	5.762979e+02
1039          	5.762980e+02
1040          	5.762982e+02
1041          	5.762983e+02
1042          	5.762984e+02
1043          	5.762985e+02
1044          	5.762986e+02
1045          	5.762987e+02
1046          	5.762989e+02
1047          	5.762990e+02
1048          	5.762991e+02
1049          	5.762992e+02
1050          	5.762993e+02
1051          	5.762994e+02
1052          	5.762995e+02
1053          	5.762996e+02
1054          	5.762997e+02
1055          	5.762998e+02
1056          	5.762999e+02
1057          	5.763000e+02
1058          	5.763001e+02
1059          	5.763002e+02
1060          	5.763003e+02
1061          	5.763004e+02
1062          	5.763005e+02
1063          	5.763006e+02
1064          	5.763007e+02
1065          	5.763008e+02
1066          	5.763009e+02
1067          	5.763010e+02
1068          	5.763011e+02
1069          	5.763012e+02
1070          	5.763013e+02
1071          	5.763014e+02
1072          	5.763015e+02
1073          	5.763015e+02
1074          	5.763016e+02
1075          	5.763017e+02
1076          	5.763018e+02
1077          	5.763019e+02
1078          	5.763020e+02
1079          	5.763021e+02
1080          	5.763021e+02
1081          	5.763022e+02
1082          	5.763023e+02
1083          	5.763024e+02
1084          	5.763025e+02
1085          	5.763025e+02
1086          	5.763026e+02
1087          	5.763027e+02
1088          	5.763028e+02
1089          	5.763028e+02
1090          	5.763029e+02
1091          	5.763030e+02
1092          	5.763031e+02
1093          	5.763031e+02
1094          	5.763032e+02
1095          	5.763033e+02
1096          	5.763033e+02
1097          	5.763034e+02
1098          	5.763035e+02
1099          	5.763035e+02
1100          	5.763036e+02
1101          	5.763037e+02
1102          	5.763037e+02
1103          	5.763038e+02
1104          	5.763039e+02
1105          	5.763039e+02
1106          	5.763040e+02
1107          	5.763041e+02
1108          	5.763041e+02
1109          	5.763042e+02
1110          	5.763043e+02
1111          	5.763043e+02
1112          	5.763044e+02
1113          	5.763044e+02
1114          	5.763045e+02
1115          	5.763046e+02
1116          	5.763046e+02
1117          	5.763047e+02
1118          	5.763047e+02
1119          	5.763048e+02
1120          	5.763048e+02
1121          	5.763049e+02
1122          	5.763049e+02
1123          	5.763050e+02
1124          	5.763050e+02
1125          	5.763051e+02
1126          	5.763052e+02
1127          	5.763052e+02
1128          	5.763053e+02
1129          	5.763053e+02
1130          	5.763054e+02
1131          	5.763054e+02
1132          	5.763055e+02
1133          	5.763055e+02
1134          	5.763056e+02
1135          	5.763056e+02
1136          	5.763057e+02
1137          	5.763057e+02
1138          	5.763057e+02
1139          	5.763057e+02
1140          	5.763057e+02
1141          	5.763057e+02
1142          	5.763057e+02
1143          	5.763057e+02
1144          	5.763057e+02
1145          	5.763057e+02
1146          	5.763057e+02
1147          	5.763057e+02
1148          	5.763057e+02
1149          	5.763057e+02
1150          	5.763057e+02
1151          	5.763057e+02
1152          	5.763057e+02
1153          	5.763057e+02
1154          	5.763057e+02
1155          	5.763057e+02
1156          	5.763057e+02
1157          	5.763057e+02
1158          	5.763057e+02
1159          	5.763057e+02
1160          	5.763057e+02
1161          	5.763057e+02
1162          	5.763057e+02
1163          	5.763057e+02
1164          	5.763057e+02
1165          	5.763057e+02
1166          	5.763057e+02
1167          	5.763057e+02
1168          	5.763057e+02
1169          	5.763057e+02
1170          	5.763057e+02
1171          	5.763057e+02
1172          	5.763057e+02
1173          	5.763057e+02
1174          	5.763057e+02
1175          	5.763057e+02
1176          	5.763057e+02
1177          	5.763057e+02
1178          	5.763057e+02
1179          	5.763057e+02
1180          	5.763057e+02
1181          	5.763057e+02
1182          	5.763057e+02
1183          	5.763057e+02
1184          	5.763057e+02
1185          	5.763057e+02
1186          	5.763057e+02
1187          	5.763057e+02
1188          	5.763057e+02
1189          	5.763057e+02
1190          	5.763057e+02
1191          	5.763057e+02
1192          	5.763057e+02
1193          	5.763057e+02
1194          	5.763057e+02
1195          	5.763057e+02
1196          	5.763057e+02
1197          	5.763057e+02
1198          	5.763057e+02
1199          	5.763057e+02
1200          	5.763057e+02
1201          	5.763057e+02
1202          	5.763057e+02
1203          	5.763057e+02
1204          	5.763057e+02
1205          	5.763057e+02
1206          	5.763057e+02
1207          	5.763057e+02
1208          	5.763057e+02
1209          	5.763057e+02
1210          	5.763057e+02
1211          	5.763057e+02
1212          	5.763057e+02
1213          	5.763057e+02
1214          	5.763057e+02
1215          	5.763057e+02
1216          	5.763057e+02
1217          	5.763057e+02
1218          	5.763057e+02
1219          	5.763057e+02
1220          	5.763057e+02
1221          	5.763057e+02
1222          	5.763057e+02
1223          	5.763057e+02
1224          	5.763057e+02
1225          	5.763057e+02
1226          	5.763057e+02
1227          	5.763057e+02
1228          	5.763057e+02
1229          	5.763057e+02
1230          	5.763057e+02
1231          	5.763057e+02
1232          	5.763057e+02
1233          	5.763057e+02
1234          	5.763057e+02
1235          	5.763057e+02
1236          	5.763057e+02
1237          	5.763057e+02
1238          	5.763057e+02
1239          	5.763057e+02
1240          	5.763057e+02
1241          	5.763057e+02
1242          	5.763057e+02
1243          	5.763057e+02
1244          	5.763057e+02
1245          	5.763057e+02
1246          	5.763057e+02
1247          	5.763057e+02
1248          	5.763057e+02
1249          	5.763057e+02
1250          	5.763057e+02
1251          	5.763057e+02
1252          	5.763057e+02
1253          	5.763057e+02
1254          	5.763057e+02
1255          	5.763057e+02
1256          	5.763057e+02
1257          	5.763057e+02
1258          	5.763057e+02
1259          	5.763057e+02
1260          	5.763057e+02
1261          	5.763057e+02
1262          	5.763057e+02
1263          	5.763057e+02
1264          	5.763057e+02
1265          	5.763057e+02
1266          	5.763057e+02
1267          	5.763057e+02
1268          	5.763057e+02
1269          	5.763057e+02
1270          	5.763057e+02
1271          	5.763057e+02
1272          	5.763057e+02
1273          	5.763057e+02
1274          	5.763057e+02
1275          	5.763057e+02
1276          	5.763057e+02
1277          	5.763057e+02
1278          	5.763057e+02
1279          	5.763057e+02
1280          	5.763057e+02
1281          	5.763057e+02
1282          	5.763057e+02
1283          	5.763057e+02
1284          	5.763057e+02
1285          	5.763057e+02
1286          	5.763057e+02
1287          	5.763057e+02
1288          	5.763057e+02
1289          	5.763057e+02
1290          	5.763057e+02
1291          	5.763057e+02
1292          	5.763057e+02
1293          	5.763057e+02
1294          	5.763057e+02
1295          	5.763057e+02
1296          	5.763057e+02
1297          	5.763057e+02
1298          	5.763057e+02
1299          	5.763057e+02
1300          	5.763057e+02
1301          	5.763057e+02
1302          	5.763057e+02
1303          	5.763057e+02
1304          	5.763057e+02
1305          	5.763057e+02
1306          	5.763057e+02
1307          	5.763057e+02
1308          	5.763057e+02
1309          	5.763057e+02
1310          	5.763057e+02
1311          	5.763057e+02
1312          	5.763057e+02
1313          	5.763057e+02
1314          	5.763057e+02
1315          	5.763057e+02
1316          	5.763057e+02
1317          	5.763057e+02
1318          	5.763057e+02
1319          	5.763057e+02
1320          	5.763057e+02
1321          	5.763057e+02
1322          	5.763057e+02
1323          	5.763057e+02
1324          	5.763057e+02
1325          	5.763057e+02
1326          	5.763057e+02
1327          	5.763057e+02
1328          	5.763057e+02
1329          	5.763057e+02
1330          	5.763057e+02
1331          	5.763057e+02
1332          	5.763057e+02
1333          	5.763057e+02
1334          	5.763057e+02
1335          	5.763057e+02
1336          	5.763057e+02
1337          	5.763057e+02
1338          	5.763057e+02
1339          	5.763057e+02
1340          	5.763057e+02
1341          	5.763057e+02
1342          	5.763057e+02
1343          	5.763057e+02
1344          	5.763057e+02
1345          	5.763057e+02
1346          	5.763057e+02
1347          	5.763057e+02
1348          	5.763057e+02
1349          	5.763057e+02
1350          	5.763057e+02
1351          	5.763057e+02
1352          	5.763057e+02
1353          	5.763057e+02
1354          	5.763057e+02
1355          	5.763057e+02
1356          	5.763057e+02
1357          	5.763057e+02
1358          	5.763057e+02
1359          	5.763057e+02
1360          	5.763057e+02
1361          	5.763057e+02
1362          	5.763057e+02
1363          	5.763057e+02
1364          	5.763057e+02
1365          	5.763057e+02
1366          	5.763057e+02
1367          	5.763057e+02
1368          	5.763057e+02
1369          	5.763057e+02
1370          	5.763057e+02
1371          	5.763057e+02
1372          	5.763057e+02
1373          	5.763057e+02
1374          	5.763057e+02
1375          	5.763057e+02
1376          	5.763057e+02
1377          	5.763057e+02
1378          	5.763057e+02
1379          	5.763057e+02
1380          	5.763057e+02
1381          	5.763057e+02
1382          	5.763057e+02
1383          	5.763057e+02
1384          	5.763057e+02
1385          	5.763057e+02
1386          	5.763057e+02
1387          	5.763057e+02
1388          	5.763057e+02
1389          	5.763057e+02
1390          	5.763057e+02
1391          	5.763057e+02
1392          	5.763057e+02
1393          	5.763057e+02
1394          	5.763057e+02
1395          	5.763057e+02
1396          	5.763057e+02
1397          	5.763057e+02
1398          	5.763057e+02
1399          	5.763057e+02
1400          	5.763057e+02
1401          	5.763057e+02
1402          	5.763057e+02
1403          	5.763057e+02
1404          	5.763057e+02
1405          	5.763057e+02
1406          	5.763057e+02
1407          	5.763057e+02
1408          	5.763057e+02
1409          	5.763057e+02
1410          	5.763057e+02
1411          	5.763057e+02
1412          	5.763057e+02
1413          	5.763057e+02
1414          	5.763057e+02
1415          	5.763057e+02
1416          	5.763057e+02
1417          	5.763057e+02
1418          	5.763057e+02
1419          	5.763057e+02
1420          	5.763057e+02
1421          	5.763057e+02
1422          	5.763057e+02
1423          	5.763057e+02
1424          	5.763057e+02
1425          	5.763057e+02
1426          	5.763057e+02
1427          	5.763057e+02
1428          	5.763057e+02
1429          	5.763057e+02
1430          	5.763057e+02
1431          	5.763057e+02
1432          	5.763057e+02
1433          	5.763057e+02
1434          	5.763057e+02
1435          	5.763057e+02
1436          	5.763057e+02
1437          	5.763057e+02
1438          	5.763057e+02
1439          	5.763057e+02
1440          	5.763057e+02
1441          	5.763057e+02
1442          	5.763057e+02
1443          	5.763057e+02
1444          	5.763057e+02
1445          	5.763057e+02
1446          	5.763057e+02
1447          	5.763057e+02
1448          	5.763057e+02
1449          	5.763057e+02
1450          	5.763057e+02
1451          	5.763057e+02
1452          	5.763057e+02
1453          	5.763057e+02
1454          	5.763057e+02
1455          	5.763057e+02
1456          	5.763057e+02
1457          	5.763057e+02
1458          	5.763057e+02
1459          	5.763057e+02
1460          	5.763057e+02
1461          	5.763057e+02
1462          	5.763057e+02
1463          	5.763057e+02
1464          	5.763057e+02
1465          	5.763057e+02
1466          	5.763057e+02
1467          	5.763057e+02
1468          	5.763057e+02
1469          	5.763057e+02
1470          	5.763057e+02
1471          	5.763057e+02
1472          	5.763057e+02
1473          	5.763057e+02
1474          	5.763057e+02
1475          	5.763057e+02
1476          	5.763057e+02
1477          	5.763057e+02
1478          	5.763057e+02
1479          	5.763057e+02
1480          	5.763057e+02
1481          	5.763057e+02
1482          	5.763057e+02
1483          	5.763057e+02
1484          	5.763057e+02
1485          	5.763057e+02
1486          	5.763057e+02
1487          	5.763057e+02
1488          	5.763057e+02
1489          	5.763057e+02
1490          	5.763057e+02
1491          	5.763057e+02
1492          	5.763057e+02
1493          	5.763057e+02
1494          	5.763057e+02
1495          	5.763057e+02
1496          	5.763057e+02
1497          	5.763057e+02
1498          	5.763057e+02
1499          	5.763057e+02
1500          	5.763057e+02
1501          	5.763057e+02
1502          	5.763057e+02
1503          	5.763057e+02
1504          	5.763057e+02
1505          	5.763057e+02
1506          	5.763057e+02
1507          	5.763057e+02
1508          	5.763057e+02
1509          	5.763057e+02
1510          	5.763057e+02
1511          	5.763057e+02
1512          	5.763057e+02
1513          	5.763057e+02
1514          	5.763057e+02
1515          	5.763057e+02
1516          	5.763057e+02
1517          	5.763057e+02
1518          	5.763057e+02
1519          	5.763057e+02
1520          	5.763057e+02
1521          	5.763057e+02
1522          	5.763057e+02
1523          	5.763057e+02
1524          	5.763057e+02
1525          	5.763057e+02
1526          	5.763057e+02
1527          	5.763057e+02
1528          	5.763057e+02
1529          	5.763057e+02
1530          	5.763057e+02
1531          	5.763057e+02
1532          	5.763057e+02
1533          	5.763057e+02
1534          	5.763057e+02
1535          	5.763057e+02
1536          	5.763057e+02
1537          	5.763057e+02
1538          	5.763057e+02
1539          	5.763057e+02
1540          	5.763057e+02
1541          	5.763057e+02
1542          	5.763057e+02
1543          	5.763057e+02
1544          	5.763057e+02
1545          	5.763057e+02
1546          	5.763057e+02
1547          	5.763057e+02
1548          	5.763057e+02
1549          	5.763057e+02
1550          	5.763057e+02
1551          	5.763057e+02
1552          	5.763057e+02
1553          	5.763057e+02
1554          	5.763057e+02
1555          	5.763057e+02
1556          	5.763057e+02
1557          	5.763057e+02
1558          	5.763057e+02
1559          	5.763057e+02
1560          	5.763057e+02
1561          	5.763057e+02
1562          	5.763057e+02
1563          	5.763057e+02
1564          	5.763057e+02
1565          	5.763057e+02
1566          	5.763057e+02
1567          	5.763057e+02
1568          	5.763057e+02
1569          	5.763057e+02
1570          	5.763057e+02
1571          	5.763057e+02
1572          	5.763057e+02
1573          	5.763057e+02
1574          	5.763057e+02
1575          	5.763057e+02
1576          	5.763057e+02
1577          	5.763057e+02
1578          	5.763057e+02
1579          	5.763057e+02
1580          	5.763057e+02
1581          	5.763057e+02
1582          	5.763057e+02
1583          	5.763057e+02
1584          	5.763057e+02
1585          	5.763057e+02
1586          	5.763057e+02
1587          	5.763057e+02
1588          	5.763057e+02
1589          	5.763057e+02
1590          	5.763057e+02
1591          	5.763057e+02
1592          	5.763057e+02
1593          	5.763057e+02
1594          	5.763057e+02
1595          	5.763057e+02
1596          	5.763057e+02
1597          	5.763057e+02
1598          	5.763057e+02
1599          	5.763057e+02
1600          	5.763057e+02
1601          	5.763057e+02
1602          	5.763057e+02
1603          	5.763057e+02
1604          	5.763057e+02
1605          	5.763057e+02
1606          	5.763057e+02
1607          	5.763057e+02
1608          	5.763057e+02
1609          	5.763057e+02
1610          	5.763057e+02
1611          	5.763057e+02
1612          	5.763057e+02
1613          	5.763057e+02
1614          	5.763057e+02
1615          	5.763057e+02
1616          	5.763057e+02
1617          	5.763057e+02
1618          	5.763057e+02
1619          	5.763057e+02
1620          	5.763057e+02
1621          	5.763057e+02
1622          	5.763057e+02
1623          	5.763057e+02
1624          	5.763057e+02
1625          	5.763057e+02
1626          	5.763057e+02
1627          	5.763057e+02
1628          	5.763057e+02
1629          	5.763057e+02
1630          	5.763057e+02
1631          	5.763057e+02
1632          	5.763057e+02
1633          	5.763057e+02
1634          	5.763057e+02
1635          	5.763057e+02
1636          	5.763057e+02
1637          	5.763057e+02
1638          	5.763057e+02
1639          	5.763057e+02
1640          	5.763057e+02
1641          	5.763057e+02
1642          	5.763057e+02
1643          	5.763057e+02
1644          	5.763057e+02
1645          	5.763057e+02
1646          	5.763057e+02
1647          	5.763057e+02
1648          	5.763057e+02
1649          	5.763057e+02
1650          	5.763057e+02
1651          	5.763057e+02
1652          	5.763057e+02
1653          	5.763057e+02
1654          	5.763057e+02
1655          	5.763057e+02
1656          	5.763057e+02
1657          	5.763057e+02
1658          	5.763057e+02
1659          	5.763057e+02
1660          	5.763057e+02
1661          	5.763057e+02
1662          	5.763057e+02
1663          	5.763057e+02
1664          	5.763057e+02
1665          	5.763057e+02
1666          	5.763057e+02
1667          	5.763057e+02
1668          	5.763057e+02
1669          	5.763057e+02
1670          	5.763057e+02
1671          	5.763057e+02
1672          	5.763057e+02
1673          	5.763057e+02
1674          	5.763057e+02
1675          	5.763057e+02
1676          	5.763057e+02
1677          	5.763057e+02
1678          	5.763057e+02
1679          	5.763057e+02
1680          	5.763057e+02
1681          	5.763057e+02
1682          	5.763057e+02
1683          	5.763057e+02
1684          	5.763057e+02
1685          	5.763057e+02
1686          	5.763057e+02
1687          	5.763057e+02
1688          	5.763057e+02
1689          	5.763057e+02
1690          	5.763057e+02
1691          	5.763057e+02
1692          	5.763057e+02
1693          	5.763057e+02
1694          	5.763057e+02
1695          	5.763057e+02
1696          	5.763057e+02
1697          	5.763057e+02
1698          	5.763057e+02
1699          	5.763057e+02
1700          	5.763057e+02
1701          	5.763057e+02
1702          	5.763057e+02
1703          	5.763057e+02
1704          	5.763057e+02
1705          	5.763057e+02
1706          	5.763057e+02
1707          	5.763057e+02
1708          	5.763057e+02
1709          	5.763057e+02
1710          	5.763057e+02
1711          	5.763057e+02
1712          	5.763057e+02
1713          	5.763057e+02
1714          	5.763057e+02
1715          	5.763057e+02
1716          	5.763057e+02
1717          	5.763057e+02
1718          	5.763057e+02
1719          	5.763057e+02
1720          	5.763057e+02
1721          	5.763057e+02
1722          	5.763057e+02
1723          	5.763057e+02
1724          	5.763057e+02
1725          	5.763057e+02
1726          	5.763057e+02
1727          	5.763057e+02
1728          	5.763057e+02
1729          	5.763057e+02
1730          	5.763057e+02
1731          	5.763057e+02
1732          	5.763057e+02
1733          	5.763057e+02
1734          	5.763057e+02
1735          	5.763057e+02
1736          	5.763057e+02
1737          	5.763057e+02
1738          	5.763057e+02
1739          	5.763057e+02
1740          	5.763057e+02
1741          	5.763057e+02
1742          	5.763057e+02
1743          	5.763057e+02
1744          	5.763057e+02
1745          	5.763057e+02
1746          	5.763057e+02
1747          	5.763057e+02
1748          	5.763057e+02
1749          	5.763057e+02
1750          	5.763057e+02
1751          	5.763057e+02
1752          	5.763057e+02
1753          	5.763057e+02
1754          	5.763057e+02
1755          	5.763057e+02
1756          	5.763057e+02
1757          	5.763057e+02
1758          	5.763057e+02
1759          	5.763057e+02
1760          	5.763057e+02
1761          	5.763057e+02
1762          	5.763057e+02
1763          	5.763057e+02
1764          	5.763057e+02
1765          	5.763057e+02
1766          	5.763057e+02
1767          	5.763057e+02
1768          	5.763057e+02
1769          	5.763057e+02
1770          	5.763057e+02
1771          	5.763057e+02
1772          	5.763057e+02
1773          	5.763057e+02
1774          	5.763057e+02
1775          	5.763057e+02
1776          	5.763057e+02
1777          	5.763057e+02
1778          	5.763057e+02
1779          	5.763057e+02
1780          	5.763057e+02
1781          	5.763057e+02
1782          	5.763057e+02
1783          	5.763057e+02
1784          	5.763057e+02
1785          	5.763057e+02
1786          	5.763057e+02
1787          	5.763057e+02
1788          	5.763057e+02
1789          	5.763057e+02
1790          	5.763057e+02
1791          	5.763057e+02
1792          	5.763057e+02
1793          	5.763057e+02
1794          	5.763057e+02
1795          	5.763057e+02
1796          	5.763057e+02
1797          	5.763057e+02
1798          	5.763057e+02
1799          	5.763057e+02
1800          	5.763057e+02
1801          	5.763057e+02
1802          	5.763057e+02
1803          	5.763057e+02
1804          	5.763057e+02
1805          	5.763057e+02
1806          	5.763057e+02
1807          	5.763057e+02
1808          	5.763057e+02
1809          	5.763057e+02
1810          	5.763057e+02
1811          	5.763057e+02
1812          	5.763057e+02
1813          	5.763057e+02
1814          	5.763057e+02
1815          	5.763057e+02
1816          	5.763057e+02
1817          	5.763057e+02
1818          	5.763057e+02
1819          	5.763057e+02
1820          	5.763057e+02
1821          	5.763057e+02
1822          	5.763057e+02
1823          	5.763057e+02
1824          	5.763057e+02
1825          	5.763057e+02
1826          	5.763057e+02
1827          	5.763057e+02
1828          	5.763057e+02
1829          	5.763057e+02
1830          	5.763057e+02
1831          	5.763057e+02
1832          	5.763057e+02
1833          	5.763057e+02
1834          	5.763057e+02
1835          	5.763057e+02
1836          	5.763057e+02
1837          	5.763057e+02
1838          	5.763057e+02
1839          	5.763057e+02
1840          	5.763057e+02
1841          	5.763057e+02
1842          	5.763057e+02
1843          	5.763057e+02
1844          	5.763057e+02
1845          	5.763057e+02
1846          	5.763057e+02
1847          	5.763057e+02
1848          	5.763057e+02
1849          	5.763057e+02
1850          	5.763057e+02
1851          	5.763057e+02
1852          	5.763057e+02
1853          	5.763057e+02
1854          	5.763057e+02
1855          	5.763057e+02
1856          	5.763057e+02
1857          	5.763057e+02
1858          	5.763057e+02
1859          	5.763057e+02
1860          	5.763057e+02
1861          	5.763057e+02
1862          	5.763057e+02
1863          	5.763057e+02
1864          	5.763057e+02
1865          	5.763057e+02
1866          	5.763057e+02
1867          	5.763057e+02
1868          	5.763057e+02
1869          	5.763057e+02
1870          	5.763057e+02
1871          	5.763057e+02
1872          	5.763057e+02
1873          	5.763057e+02
1874          	5.763057e+02
1875          	5.763057e+02
1876          	5.763057e+02
1877          	5.763057e+02
1878          	5.763057e+02
1879          	5.763057e+02
1880          	5.763057e+02
1881          	5.763057e+02
1882          	5.763057e+02
1883          	5.763057e+02
1884          	5.763057e+02
1885          	5.763057e+02
1886          	5.763057e+02
1887          	5.763057e+02
1888          	5.763057e+02
1889          	5.763057e+02
1890          	5.763057e+02
1891          	5.763057e+02
1892          	5.763057e+02
1893          	5.763057e+02
1894          	5.763057e+02
1895          	5.763057e+02
1896          	5.763057e+02
1897          	5.763057e+02
1898          	5.763057e+02
1899          	5.763057e+02
1900          	5.763057e+02
1901          	5.763057e+02
1902          	5.763057e+02
1903          	5.763057e+02
1904          	5.763057e+02
1905          	5.763057e+02
1906          	5.763057e+02
1907          	5.763057e+02
1908          	5.763057e+02
1909          	5.763057e+02
1910          	5.763057e+02
1911          	5.763057e+02
1912          	5.763057e+02
1913          	5.763057e+02
1914          	5.763057e+02
1915          	5.763057e+02
1916          	5.763057e+02
1917          	5.763057e+02
1918          	5.763057e+02
1919          	5.763057e+02
1920          	5.763057e+02
1921          	5.763057e+02
1922          	5.763057e+02
1923          	5.763057e+02
1924          	5.763057e+02
1925          	5.763057e+02
1926          	5.763057e+02
1927          	5.763057e+02
1928          	5.763057e+02
1929          	5.763057e+02
1930          	5.763057e+02
1931          	5.763057e+02
1932          	5.763057e+02
1933          	5.763057e+02
1934          	5.763057e+02
1935          	5.763057e+02
1936          	5.763057e+02
1937          	5.763057e+02
1938          	5.763057e+02
1939          	5.763057e+02
1940          	5.763057e+02
1941          	5.763057e+02
1942          	5.763057e+02
1943          	5.763057e+02
1944          	5.763057e+02
1945          	5.763057e+02
1946          	5.763057e+02
1947          	5.763057e+02
1948          	5.763057e+02
1949          	5.763057e+02
1950          	5.763057e+02
1951          	5.763057e+02
1952          	5.763057e+02
1953          	5.763057e+02
1954          	5.763057e+02
1955          	5.763057e+02
1956          	5.763057e+02
1957          	5.763057e+02
1958          	5.763057e+02
1959          	5.763057e+02
1960          	5.763057e+02
1961          	5.763057e+02
1962          	5.763057e+02
1963          	5.763057e+02
1964          	5.763057e+02
1965          	5.763057e+02
1966          	5.763057e+02
1967          	5.763057e+02
1968          	5.763057e+02
1969          	5.763057e+02
1970          	5.763057e+02
1971          	5.763057e+02
1972          	5.763057e+02
1973          	5.763057e+02
1974          	5.763057e+02
1975          	5.763057e+02
1976          	5.763057e+02
1977          	5.763057e+02
1978          	5.763057e+02
1979          	5.763057e+02
1980          	5.763057e+02
1981          	5.763057e+02
1982          	5.763057e+02
1983          	5.763057e+02
1984          	5.763057e+02
1985          	5.763057e+02
1986          	5.763057e+02
1987          	5.763057e+02
1988          	5.763057e+02
1989          	5.763057e+02
1990          	5.763057e+02
1991          	5.763057e+02
1992          	5.763057e+02
1993          	5.763057e+02
1994          	5.763057e+02
1995          	5.763057e+02
1996          	5.763057e+02
1997          	5.763057e+02
1998          	5.763057e+02
1999          	5.763057e+02
2000          	5.763057e+02
