# Region      : all 
# Cells       : 2185
# Volume      : 3.329515e-06
# Time        	volAverage(T)
0             	2.969000e+02
1             	2.969000e+02
2             	2.991382e+02
3             	3.013774e+02
4             	3.036110e+02
5             	3.058384e+02
6             	3.080537e+02
7             	3.102550e+02
8             	3.124415e+02
9             	3.146126e+02
10            	3.167683e+02
11            	3.189085e+02
12            	3.210332e+02
13            	3.231426e+02
14            	3.252368e+02
15            	3.273160e+02
16            	3.293803e+02
17            	3.314299e+02
18            	3.334650e+02
19            	3.354857e+02
20            	3.374922e+02
21            	3.394845e+02
22            	3.414630e+02
23            	3.434275e+02
24            	3.453784e+02
25            	3.473156e+02
26            	3.492394e+02
27            	3.511498e+02
28            	3.530470e+02
29            	3.549310e+02
30            	3.568020e+02
31            	3.586598e+02
32            	3.605045e+02
33            	3.623362e+02
34            	3.641551e+02
35            	3.659613e+02
36            	3.677548e+02
37            	3.695355e+02
38            	3.713036e+02
39            	3.730592e+02
40            	3.748023e+02
41            	3.765332e+02
42            	3.782520e+02
43            	3.799585e+02
44            	3.816531e+02
45            	3.833356e+02
46            	3.850061e+02
47            	3.866647e+02
48            	3.883115e+02
49            	3.899466e+02
50            	3.915701e+02
51            	3.931821e+02
52            	3.947827e+02
53            	3.963719e+02
54            	3.979498e+02
55            	3.995166e+02
56            	4.010722e+02
57            	4.026168e+02
58            	4.041505e+02
59            	4.056733e+02
60            	4.071853e+02
61            	4.086866e+02
62            	4.101773e+02
63            	4.116575e+02
64            	4.131272e+02
65            	4.145866e+02
66            	4.160356e+02
67            	4.174744e+02
68            	4.189030e+02
69            	4.203216e+02
70            	4.217302e+02
71            	4.231289e+02
72            	4.245177e+02
73            	4.258968e+02
74            	4.272662e+02
75            	4.286259e+02
76            	4.299760e+02
77            	4.313165e+02
78            	4.326475e+02
79            	4.339692e+02
80            	4.352815e+02
81            	4.365845e+02
82            	4.378784e+02
83            	4.391630e+02
84            	4.404386e+02
85            	4.417052e+02
86            	4.429628e+02
87            	4.442114e+02
88            	4.454511e+02
89            	4.466821e+02
90            	4.479043e+02
91            	4.491180e+02
92            	4.503231e+02
93            	4.515198e+02
94            	4.527079e+02
95            	4.538877e+02
96            	4.550591e+02
97            	4.562222e+02
98            	4.573770e+02
99            	4.585236e+02
100           	4.596621e+02
101           	4.607926e+02
102           	4.619151e+02
103           	4.630296e+02
104           	4.641362e+02
105           	4.652350e+02
106           	4.663261e+02
107           	4.674094e+02
108           	4.684851e+02
109           	4.695530e+02
110           	4.706133e+02
111           	4.716660e+02
112           	4.727112e+02
113           	4.737490e+02
114           	4.747795e+02
115           	4.758025e+02
116           	4.768184e+02
117           	4.778269e+02
118           	4.788283e+02
119           	4.798226e+02
120           	4.808097e+02
121           	4.817898e+02
122           	4.827629e+02
123           	4.837290e+02
124           	4.846882e+02
125           	4.856405e+02
126           	4.865860e+02
127           	4.875247e+02
128           	4.884567e+02
129           	4.893821e+02
130           	4.903008e+02
131           	4.912130e+02
132           	4.921186e+02
133           	4.930178e+02
134           	4.939105e+02
135           	4.947969e+02
136           	4.956769e+02
137           	4.965506e+02
138           	4.974181e+02
139           	4.982794e+02
140           	4.991345e+02
141           	4.999836e+02
142           	5.008266e+02
143           	5.016635e+02
144           	5.024945e+02
145           	5.033196e+02
146           	5.041388e+02
147           	5.049521e+02
148           	5.057596e+02
149           	5.065613e+02
150           	5.073573e+02
151           	5.081476e+02
152           	5.089323e+02
153           	5.097113e+02
154           	5.104847e+02
155           	5.112526e+02
156           	5.120149e+02
157           	5.127717e+02
158           	5.135231e+02
159           	5.142691e+02
160           	5.150098e+02
161           	5.157450e+02
162           	5.164750e+02
163           	5.171997e+02
164           	5.179192e+02
165           	5.186335e+02
166           	5.193427e+02
167           	5.200467e+02
168           	5.207457e+02
169           	5.214396e+02
170           	5.221285e+02
171           	5.228124e+02
172           	5.234914e+02
173           	5.241655e+02
174           	5.248348e+02
175           	5.254992e+02
176           	5.261588e+02
177           	5.268137e+02
178           	5.274638e+02
179           	5.281093e+02
180           	5.287501e+02
181           	5.293863e+02
182           	5.300179e+02
183           	5.306449e+02
184           	5.312675e+02
185           	5.318855e+02
186           	5.324991e+02
187           	5.331082e+02
188           	5.337130e+02
189           	5.343134e+02
190           	5.349094e+02
191           	5.355012e+02
192           	5.360887e+02
193           	5.366719e+02
194           	5.372509e+02
195           	5.378258e+02
196           	5.383965e+02
197           	5.389631e+02
198           	5.395256e+02
199           	5.400840e+02
200           	5.406384e+02
201           	5.411888e+02
202           	5.417353e+02
203           	5.422777e+02
204           	5.428162e+02
205           	5.433509e+02
206           	5.438816e+02
207           	5.444086e+02
208           	5.449317e+02
209           	5.454510e+02
210           	5.459665e+02
211           	5.464784e+02
212           	5.469865e+02
213           	5.474909e+02
214           	5.479917e+02
215           	5.484888e+02
216           	5.489823e+02
217           	5.494723e+02
218           	5.499587e+02
219           	5.504416e+02
220           	5.509209e+02
221           	5.513968e+02
222           	5.518693e+02
223           	5.523383e+02
224           	5.528039e+02
225           	5.532661e+02
226           	5.537249e+02
227           	5.541804e+02
228           	5.546326e+02
229           	5.550815e+02
230           	5.555272e+02
231           	5.559696e+02
232           	5.564088e+02
233           	5.568448e+02
234           	5.572776e+02
235           	5.577073e+02
236           	5.581339e+02
237           	5.585573e+02
238           	5.589777e+02
239           	5.593950e+02
240           	5.598093e+02
241           	5.602206e+02
242           	5.606289e+02
243           	5.610342e+02
244           	5.614366e+02
245           	5.618360e+02
246           	5.622326e+02
247           	5.626262e+02
248           	5.630170e+02
249           	5.634050e+02
250           	5.637901e+02
251           	5.641725e+02
252           	5.645520e+02
253           	5.649288e+02
254           	5.653028e+02
255           	5.656741e+02
256           	5.660428e+02
257           	5.664087e+02
258           	5.667720e+02
259           	5.671326e+02
260           	5.674906e+02
261           	5.678460e+02
262           	5.681988e+02
263           	5.685490e+02
264           	5.688967e+02
265           	5.692418e+02
266           	5.695845e+02
267           	5.699246e+02
268           	5.702623e+02
269           	5.705975e+02
270           	5.709303e+02
271           	5.712606e+02
272           	5.715885e+02
273           	5.719141e+02
274           	5.722372e+02
275           	5.725580e+02
276           	5.728765e+02
277           	5.731927e+02
278           	5.735065e+02
279           	5.738181e+02
280           	5.741273e+02
281           	5.744343e+02
282           	5.747391e+02
283           	5.750417e+02
284           	5.753420e+02
285           	5.756402e+02
286           	5.759361e+02
287           	5.762299e+02
288           	5.765216e+02
289           	5.768111e+02
290           	5.770985e+02
291           	5.773839e+02
292           	5.776671e+02
293           	5.779483e+02
294           	5.782274e+02
295           	5.785044e+02
296           	5.787795e+02
297           	5.790525e+02
298           	5.793236e+02
299           	5.795926e+02
300           	5.798597e+02
301           	5.801249e+02
302           	5.803881e+02
303           	5.806494e+02
304           	5.809088e+02
305           	5.811663e+02
306           	5.814219e+02
307           	5.816757e+02
308           	5.819277e+02
309           	5.821778e+02
310           	5.824262e+02
311           	5.826727e+02
312           	5.829174e+02
313           	5.831604e+02
314           	5.834015e+02
315           	5.836408e+02
316           	5.838784e+02
317           	5.841143e+02
318           	5.843484e+02
319           	5.845809e+02
320           	5.848116e+02
321           	5.850406e+02
322           	5.852680e+02
323           	5.854937e+02
324           	5.857178e+02
325           	5.859402e+02
326           	5.861610e+02
327           	5.863802e+02
328           	5.865978e+02
329           	5.868138e+02
330           	5.870282e+02
331           	5.872410e+02
332           	5.874523e+02
333           	5.876621e+02
334           	5.878703e+02
335           	5.880770e+02
336           	5.882821e+02
337           	5.884858e+02
338           	5.886880e+02
339           	5.888887e+02
340           	5.890879e+02
341           	5.892857e+02
342           	5.894821e+02
343           	5.896770e+02
344           	5.898704e+02
345           	5.900625e+02
346           	5.902532e+02
347           	5.904424e+02
348           	5.906303e+02
349           	5.908168e+02
350           	5.910019e+02
351           	5.911857e+02
352           	5.913682e+02
353           	5.915493e+02
354           	5.917290e+02
355           	5.919075e+02
356           	5.920846e+02
357           	5.922605e+02
358           	5.924350e+02
359           	5.926083e+02
360           	5.927803e+02
361           	5.929511e+02
362           	5.931206e+02
363           	5.932889e+02
364           	5.934559e+02
365           	5.936217e+02
366           	5.937863e+02
367           	5.939496e+02
368           	5.941118e+02
369           	5.942728e+02
370           	5.944326e+02
371           	5.945913e+02
372           	5.947487e+02
373           	5.949050e+02
374           	5.950602e+02
375           	5.952142e+02
376           	5.953671e+02
377           	5.955189e+02
378           	5.956696e+02
379           	5.958192e+02
380           	5.959676e+02
381           	5.961150e+02
382           	5.962613e+02
383           	5.964065e+02
384           	5.965506e+02
385           	5.966937e+02
386           	5.968358e+02
387           	5.969768e+02
388           	5.971167e+02
389           	5.972557e+02
390           	5.973936e+02
391           	5.975305e+02
392           	5.976664e+02
393           	5.978013e+02
394           	5.979352e+02
395           	5.980681e+02
396           	5.982001e+02
397           	5.983311e+02
398           	5.984611e+02
399           	5.985902e+02
400           	5.987183e+02
401           	5.988455e+02
402           	5.989717e+02
403           	5.990970e+02
404           	5.992214e+02
405           	5.993449e+02
406           	5.994675e+02
407           	5.995892e+02
408           	5.997099e+02
409           	5.998298e+02
410           	5.999488e+02
411           	6.000670e+02
412           	6.001843e+02
413           	6.003007e+02
414           	6.004162e+02
415           	6.005309e+02
416           	6.006448e+02
417           	6.007578e+02
418           	6.008700e+02
419           	6.009814e+02
420           	6.010920e+02
421           	6.012017e+02
422           	6.013107e+02
423           	6.014188e+02
424           	6.015261e+02
425           	6.016327e+02
426           	6.017385e+02
427           	6.018435e+02
428           	6.019477e+02
429           	6.020511e+02
430           	6.021538e+02
431           	6.022558e+02
432           	6.023570e+02
433           	6.024574e+02
434           	6.025571e+02
435           	6.026561e+02
436           	6.027543e+02
437           	6.028519e+02
438           	6.029487e+02
439           	6.030448e+02
440           	6.031402e+02
441           	6.032348e+02
442           	6.033288e+02
443           	6.034221e+02
444           	6.035147e+02
445           	6.036067e+02
446           	6.036979e+02
447           	6.037885e+02
448           	6.038784e+02
449           	6.039677e+02
450           	6.040563e+02
451           	6.041442e+02
452           	6.042315e+02
453           	6.043182e+02
454           	6.044042e+02
455           	6.044896e+02
456           	6.045744e+02
457           	6.046585e+02
458           	6.047420e+02
459           	6.048249e+02
460           	6.049072e+02
461           	6.049889e+02
462           	6.050700e+02
463           	6.051505e+02
464           	6.052304e+02
465           	6.053097e+02
466           	6.053884e+02
467           	6.054666e+02
468           	6.055441e+02
469           	6.056211e+02
470           	6.056976e+02
471           	6.057735e+02
472           	6.058488e+02
473           	6.059235e+02
474           	6.059977e+02
475           	6.060714e+02
476           	6.061445e+02
477           	6.062171e+02
478           	6.062892e+02
479           	6.063607e+02
480           	6.064317e+02
481           	6.065021e+02
482           	6.065721e+02
483           	6.066415e+02
484           	6.067104e+02
485           	6.067789e+02
486           	6.068468e+02
487           	6.069142e+02
488           	6.069811e+02
489           	6.070475e+02
490           	6.071135e+02
491           	6.071789e+02
492           	6.072439e+02
493           	6.073084e+02
494           	6.073724e+02
495           	6.074359e+02
496           	6.074990e+02
497           	6.075616e+02
498           	6.076238e+02
499           	6.076855e+02
500           	6.077467e+02
501           	6.078075e+02
502           	6.078678e+02
503           	6.079277e+02
504           	6.079872e+02
505           	6.080462e+02
506           	6.081048e+02
507           	6.081630e+02
508           	6.082207e+02
509           	6.082780e+02
510           	6.083349e+02
511           	6.083913e+02
512           	6.084473e+02
513           	6.085030e+02
514           	6.085582e+02
515           	6.086130e+02
516           	6.086674e+02
517           	6.087214e+02
518           	6.087750e+02
519           	6.088282e+02
520           	6.088811e+02
521           	6.089335e+02
522           	6.089855e+02
523           	6.090372e+02
524           	6.090885e+02
525           	6.091394e+02
526           	6.091899e+02
527           	6.092401e+02
528           	6.092899e+02
529           	6.093393e+02
530           	6.093883e+02
531           	6.094370e+02
532           	6.094854e+02
533           	6.095333e+02
534           	6.095810e+02
535           	6.096282e+02
536           	6.096752e+02
537           	6.097217e+02
538           	6.097680e+02
539           	6.098139e+02
540           	6.098594e+02
541           	6.099047e+02
542           	6.099495e+02
543           	6.099941e+02
544           	6.100383e+02
545           	6.100822e+02
546           	6.101258e+02
547           	6.101691e+02
548           	6.102120e+02
549           	6.102546e+02
550           	6.102970e+02
551           	6.103390e+02
552           	6.103806e+02
553           	6.104220e+02
554           	6.104631e+02
555           	6.105039e+02
556           	6.105443e+02
557           	6.105845e+02
558           	6.106244e+02
559           	6.106640e+02
560           	6.107033e+02
561           	6.107423e+02
562           	6.107810e+02
563           	6.108194e+02
564           	6.108576e+02
565           	6.108954e+02
566           	6.109330e+02
567           	6.109703e+02
568           	6.110074e+02
569           	6.110441e+02
570           	6.110806e+02
571           	6.111169e+02
572           	6.111528e+02
573           	6.111885e+02
574           	6.112239e+02
575           	6.112591e+02
576           	6.112940e+02
577           	6.113286e+02
578           	6.113630e+02
579           	6.113972e+02
580           	6.114311e+02
581           	6.114647e+02
582           	6.114981e+02
583           	6.115312e+02
584           	6.115641e+02
585           	6.115968e+02
586           	6.116292e+02
587           	6.116614e+02
588           	6.116933e+02
589           	6.117250e+02
590           	6.117565e+02
591           	6.117877e+02
592           	6.118187e+02
593           	6.118495e+02
594           	6.118801e+02
595           	6.119104e+02
596           	6.119405e+02
597           	6.119704e+02
598           	6.120000e+02
599           	6.120295e+02
600           	6.120587e+02
601           	6.120877e+02
602           	6.121165e+02
603           	6.121451e+02
604           	6.121735e+02
605           	6.122016e+02
606           	6.122296e+02
607           	6.122573e+02
608           	6.122849e+02
609           	6.123122e+02
610           	6.123394e+02
611           	6.123663e+02
612           	6.123930e+02
613           	6.124196e+02
614           	6.124459e+02
615           	6.124721e+02
616           	6.124981e+02
617           	6.125238e+02
618           	6.125494e+02
619           	6.125748e+02
620           	6.126000e+02
621           	6.126250e+02
622           	6.126498e+02
623           	6.126745e+02
624           	6.126990e+02
625           	6.127232e+02
626           	6.127474e+02
627           	6.127713e+02
628           	6.127950e+02
629           	6.128186e+02
630           	6.128420e+02
631           	6.128653e+02
632           	6.128883e+02
633           	6.129112e+02
634           	6.129339e+02
635           	6.129565e+02
636           	6.129789e+02
637           	6.130011e+02
638           	6.130231e+02
639           	6.130450e+02
640           	6.130668e+02
641           	6.130883e+02
642           	6.131098e+02
643           	6.131310e+02
644           	6.131521e+02
645           	6.131731e+02
646           	6.131938e+02
647           	6.132145e+02
648           	6.132350e+02
649           	6.132553e+02
650           	6.132755e+02
651           	6.132955e+02
652           	6.133154e+02
653           	6.133351e+02
654           	6.133547e+02
655           	6.133742e+02
656           	6.133935e+02
657           	6.134126e+02
658           	6.134317e+02
659           	6.134505e+02
660           	6.134693e+02
661           	6.134879e+02
662           	6.135064e+02
663           	6.135247e+02
664           	6.135429e+02
665           	6.135609e+02
666           	6.135789e+02
667           	6.135967e+02
668           	6.136143e+02
669           	6.136319e+02
670           	6.136493e+02
671           	6.136665e+02
672           	6.136837e+02
673           	6.137007e+02
674           	6.137176e+02
675           	6.137344e+02
676           	6.137510e+02
677           	6.137675e+02
678           	6.137839e+02
679           	6.138002e+02
680           	6.138164e+02
681           	6.138324e+02
682           	6.138483e+02
683           	6.138641e+02
684           	6.138798e+02
685           	6.138954e+02
686           	6.139109e+02
687           	6.139262e+02
688           	6.139414e+02
689           	6.139566e+02
690           	6.139716e+02
691           	6.139865e+02
692           	6.140013e+02
693           	6.140159e+02
694           	6.140305e+02
695           	6.140450e+02
696           	6.140593e+02
697           	6.140736e+02
698           	6.140877e+02
699           	6.141017e+02
700           	6.141157e+02
701           	6.141295e+02
702           	6.141432e+02
703           	6.141569e+02
704           	6.141704e+02
705           	6.141838e+02
706           	6.141972e+02
707           	6.142104e+02
708           	6.142235e+02
709           	6.142366e+02
710           	6.142495e+02
711           	6.142624e+02
712           	6.142751e+02
713           	6.142878e+02
714           	6.143003e+02
715           	6.143128e+02
716           	6.143252e+02
717           	6.143375e+02
718           	6.143497e+02
719           	6.143618e+02
720           	6.143738e+02
721           	6.143857e+02
722           	6.143976e+02
723           	6.144093e+02
724           	6.144210e+02
725           	6.144326e+02
726           	6.144440e+02
727           	6.144555e+02
728           	6.144668e+02
729           	6.144780e+02
730           	6.144892e+02
731           	6.145003e+02
732           	6.145113e+02
733           	6.145222e+02
734           	6.145330e+02
735           	6.145438e+02
736           	6.145544e+02
737           	6.145650e+02
738           	6.145755e+02
739           	6.145860e+02
740           	6.145963e+02
741           	6.146066e+02
742           	6.146168e+02
743           	6.146270e+02
744           	6.146370e+02
745           	6.146470e+02
746           	6.146569e+02
747           	6.146668e+02
748           	6.146765e+02
749           	6.146862e+02
750           	6.146959e+02
751           	6.147054e+02
752           	6.147149e+02
753           	6.147243e+02
754           	6.147336e+02
755           	6.147429e+02
756           	6.147521e+02
757           	6.147613e+02
758           	6.147703e+02
759           	6.147793e+02
760           	6.147883e+02
761           	6.147971e+02
762           	6.148059e+02
763           	6.148147e+02
764           	6.148234e+02
765           	6.148320e+02
766           	6.148405e+02
767           	6.148490e+02
768           	6.148574e+02
769           	6.148658e+02
770           	6.148741e+02
771           	6.148823e+02
772           	6.148905e+02
773           	6.148986e+02
774           	6.149067e+02
775           	6.149146e+02
776           	6.149226e+02
777           	6.149305e+02
778           	6.149383e+02
779           	6.149460e+02
780           	6.149537e+02
781           	6.149614e+02
782           	6.149690e+02
783           	6.149765e+02
784           	6.149840e+02
785           	6.149914e+02
786           	6.149988e+02
787           	6.150061e+02
788           	6.150134e+02
789           	6.150206e+02
790           	6.150277e+02
791           	6.150348e+02
792           	6.150419e+02
793           	6.150489e+02
794           	6.150558e+02
795           	6.150627e+02
796           	6.150696e+02
797           	6.150764e+02
798           	6.150831e+02
799           	6.150898e+02
800           	6.150964e+02
801           	6.151030e+02
802           	6.151096e+02
803           	6.151161e+02
804           	6.151225e+02
805           	6.151289e+02
806           	6.151353e+02
807           	6.151416e+02
808           	6.151478e+02
809           	6.151541e+02
810           	6.151602e+02
811           	6.151664e+02
812           	6.151724e+02
813           	6.151785e+02
814           	6.151845e+02
815           	6.151904e+02
816           	6.151963e+02
817           	6.152022e+02
818           	6.152080e+02
819           	6.152137e+02
820           	6.152195e+02
821           	6.152252e+02
822           	6.152308e+02
823           	6.152364e+02
824           	6.152420e+02
825           	6.152475e+02
826           	6.152530e+02
827           	6.152584e+02
828           	6.152638e+02
829           	6.152692e+02
830           	6.152745e+02
831           	6.152798e+02
832           	6.152850e+02
833           	6.152902e+02
834           	6.152954e+02
835           	6.153005e+02
836           	6.153056e+02
837           	6.153106e+02
838           	6.153156e+02
839           	6.153206e+02
840           	6.153256e+02
841           	6.153305e+02
842           	6.153353e+02
843           	6.153402e+02
844           	6.153450e+02
845           	6.153497e+02
846           	6.153544e+02
847           	6.153591e+02
848           	6.153638e+02
849           	6.153684e+02
850           	6.153730e+02
851           	6.153776e+02
852           	6.153821e+02
853           	6.153866e+02
854           	6.153910e+02
855           	6.153954e+02
856           	6.153998e+02
857           	6.154042e+02
858           	6.154085e+02
859           	6.154128e+02
860           	6.154171e+02
861           	6.154213e+02
862           	6.154255e+02
863           	6.154296e+02
864           	6.154338e+02
865           	6.154379e+02
866           	6.154420e+02
867           	6.154460e+02
868           	6.154500e+02
869           	6.154540e+02
870           	6.154580e+02
871           	6.154619e+02
872           	6.154658e+02
873           	6.154697e+02
874           	6.154735e+02
875           	6.154773e+02
876           	6.154811e+02
877           	6.154848e+02
878           	6.154886e+02
879           	6.154923e+02
880           	6.154959e+02
881           	6.154996e+02
882           	6.155032e+02
883           	6.155068e+02
884           	6.155104e+02
885           	6.155139e+02
886           	6.155174e+02
887           	6.155209e+02
888           	6.155244e+02
889           	6.155278e+02
890           	6.155312e+02
891           	6.155346e+02
892           	6.155380e+02
893           	6.155413e+02
894           	6.155446e+02
895           	6.155479e+02
896           	6.155512e+02
897           	6.155544e+02
898           	6.155576e+02
899           	6.155608e+02
900           	6.155640e+02
901           	6.155671e+02
902           	6.155703e+02
903           	6.155734e+02
904           	6.155764e+02
905           	6.155795e+02
906           	6.155825e+02
907           	6.155855e+02
908           	6.155885e+02
909           	6.155915e+02
910           	6.155944e+02
911           	6.155973e+02
912           	6.156002e+02
913           	6.156031e+02
914           	6.156060e+02
915           	6.156088e+02
916           	6.156116e+02
917           	6.156144e+02
918           	6.156172e+02
919           	6.156199e+02
920           	6.156227e+02
921           	6.156254e+02
922           	6.156281e+02
923           	6.156307e+02
924           	6.156334e+02
925           	6.156360e+02
926           	6.156386e+02
927           	6.156412e+02
928           	6.156438e+02
929           	6.156464e+02
930           	6.156489e+02
931           	6.156514e+02
932           	6.156539e+02
933           	6.156564e+02
934           	6.156589e+02
935           	6.156613e+02
936           	6.156638e+02
937           	6.156662e+02
938           	6.156686e+02
939           	6.156709e+02
940           	6.156733e+02
941           	6.156756e+02
942           	6.156779e+02
943           	6.156803e+02
944           	6.156825e+02
945           	6.156848e+02
946           	6.156871e+02
947           	6.156893e+02
948           	6.156915e+02
949           	6.156937e+02
950           	6.156959e+02
951           	6.156981e+02
952           	6.157003e+02
953           	6.157024e+02
954           	6.157045e+02
955           	6.157066e+02
956           	6.157087e+02
957           	6.157108e+02
958           	6.157129e+02
959           	6.157149e+02
960           	6.157170e+02
961           	6.157190e+02
962           	6.157210e+02
963           	6.157230e+02
964           	6.157249e+02
965           	6.157269e+02
966           	6.157288e+02
967           	6.157308e+02
968           	6.157327e+02
969           	6.157346e+02
970           	6.157365e+02
971           	6.157384e+02
972           	6.157402e+02
973           	6.157421e+02
974           	6.157439e+02
975           	6.157457e+02
976           	6.157475e+02
977           	6.157493e+02
978           	6.157511e+02
979           	6.157529e+02
980           	6.157546e+02
981           	6.157564e+02
982           	6.157581e+02
983           	6.157598e+02
984           	6.157615e+02
985           	6.157632e+02
986           	6.157649e+02
987           	6.157666e+02
988           	6.157682e+02
989           	6.157698e+02
990           	6.157715e+02
991           	6.157731e+02
992           	6.157747e+02
993           	6.157763e+02
994           	6.157779e+02
995           	6.157794e+02
996           	6.157810e+02
997           	6.157826e+02
998           	6.157841e+02
999           	6.157856e+02
1000          	6.157871e+02
1001          	6.157886e+02
1002          	6.157901e+02
1003          	6.157916e+02
1004          	6.157931e+02
1005          	6.157945e+02
1006          	6.157960e+02
1007          	6.157974e+02
1008          	6.157989e+02
1009          	6.158003e+02
1010          	6.158017e+02
1011          	6.158031e+02
1012          	6.158045e+02
1013          	6.158058e+02
1014          	6.158072e+02
1015          	6.158086e+02
1016          	6.158099e+02
1017          	6.158112e+02
1018          	6.158126e+02
1019          	6.158139e+02
1020          	6.158152e+02
1021          	6.158165e+02
1022          	6.158178e+02
1023          	6.158191e+02
1024          	6.158203e+02
1025          	6.158216e+02
1026          	6.158228e+02
1027          	6.158241e+02
1028          	6.158253e+02
1029          	6.158265e+02
1030          	6.158278e+02
1031          	6.158290e+02
1032          	6.158302e+02
1033          	6.158313e+02
1034          	6.158325e+02
1035          	6.158337e+02
1036          	6.158349e+02
1037          	6.158360e+02
1038          	6.158372e+02
1039          	6.158383e+02
1040          	6.158394e+02
1041          	6.158405e+02
1042          	6.158417e+02
1043          	6.158428e+02
1044          	6.158439e+02
1045          	6.158450e+02
1046          	6.158460e+02
1047          	6.158471e+02
1048          	6.158482e+02
1049          	6.158492e+02
1050          	6.158503e+02
1051          	6.158513e+02
1052          	6.158524e+02
1053          	6.158534e+02
1054          	6.158544e+02
1055          	6.158554e+02
1056          	6.158564e+02
1057          	6.158574e+02
1058          	6.158584e+02
1059          	6.158594e+02
1060          	6.158604e+02
1061          	6.158613e+02
1062          	6.158623e+02
1063          	6.158632e+02
1064          	6.158642e+02
1065          	6.158651e+02
1066          	6.158661e+02
1067          	6.158670e+02
1068          	6.158679e+02
1069          	6.158688e+02
1070          	6.158697e+02
1071          	6.158706e+02
1072          	6.158715e+02
1073          	6.158724e+02
1074          	6.158733e+02
1075          	6.158742e+02
1076          	6.158750e+02
1077          	6.158759e+02
1078          	6.158768e+02
1079          	6.158776e+02
1080          	6.158784e+02
1081          	6.158793e+02
1082          	6.158801e+02
1083          	6.158809e+02
1084          	6.158818e+02
1085          	6.158826e+02
1086          	6.158834e+02
1087          	6.158842e+02
1088          	6.158850e+02
1089          	6.158858e+02
1090          	6.158865e+02
1091          	6.158873e+02
1092          	6.158881e+02
1093          	6.158889e+02
1094          	6.158896e+02
1095          	6.158904e+02
1096          	6.158911e+02
1097          	6.158919e+02
1098          	6.158926e+02
1099          	6.158934e+02
1100          	6.158941e+02
1101          	6.158948e+02
1102          	6.158955e+02
1103          	6.158962e+02
1104          	6.158969e+02
1105          	6.158977e+02
1106          	6.158983e+02
1107          	6.158990e+02
1108          	6.158997e+02
1109          	6.159004e+02
1110          	6.159011e+02
1111          	6.159018e+02
1112          	6.159024e+02
1113          	6.159031e+02
1114          	6.159038e+02
1115          	6.159044e+02
1116          	6.159051e+02
1117          	6.159057e+02
1118          	6.159063e+02
1119          	6.159070e+02
1120          	6.159076e+02
1121          	6.159082e+02
1122          	6.159089e+02
1123          	6.159095e+02
1124          	6.159101e+02
1125          	6.159107e+02
1126          	6.159113e+02
1127          	6.159119e+02
1128          	6.159125e+02
1129          	6.159131e+02
1130          	6.159137e+02
1131          	6.159143e+02
1132          	6.159148e+02
1133          	6.159154e+02
1134          	6.159160e+02
1135          	6.159166e+02
1136          	6.159171e+02
1137          	6.159177e+02
1138          	6.159182e+02
1139          	6.159188e+02
1140          	6.159193e+02
1141          	6.159199e+02
1142          	6.159204e+02
1143          	6.159209e+02
1144          	6.159215e+02
1145          	6.159220e+02
1146          	6.159225e+02
1147          	6.159231e+02
1148          	6.159236e+02
1149          	6.159241e+02
1150          	6.159246e+02
1151          	6.159251e+02
1152          	6.159256e+02
1153          	6.159261e+02
1154          	6.159266e+02
1155          	6.159271e+02
1156          	6.159276e+02
1157          	6.159281e+02
1158          	6.159285e+02
1159          	6.159290e+02
1160          	6.159295e+02
1161          	6.159300e+02
1162          	6.159304e+02
1163          	6.159309e+02
1164          	6.159313e+02
1165          	6.159318e+02
1166          	6.159323e+02
1167          	6.159327e+02
1168          	6.159332e+02
1169          	6.159336e+02
1170          	6.159340e+02
1171          	6.159345e+02
1172          	6.159349e+02
1173          	6.159354e+02
1174          	6.159358e+02
1175          	6.159362e+02
1176          	6.159366e+02
1177          	6.159371e+02
1178          	6.159375e+02
1179          	6.159379e+02
1180          	6.159383e+02
1181          	6.159387e+02
1182          	6.159391e+02
1183          	6.159395e+02
1184          	6.159399e+02
1185          	6.159403e+02
1186          	6.159407e+02
1187          	6.159411e+02
1188          	6.159415e+02
1189          	6.159419e+02
1190          	6.159423e+02
1191          	6.159426e+02
1192          	6.159430e+02
1193          	6.159434e+02
1194          	6.159438e+02
1195          	6.159441e+02
1196          	6.159445e+02
1197          	6.159449e+02
1198          	6.159452e+02
1199          	6.159456e+02
1200          	6.159459e+02
1201          	6.159463e+02
1202          	6.159467e+02
1203          	6.159470e+02
1204          	6.159474e+02
1205          	6.159477e+02
1206          	6.159480e+02
1207          	6.159484e+02
1208          	6.159487e+02
1209          	6.159491e+02
1210          	6.159494e+02
1211          	6.159497e+02
1212          	6.159501e+02
1213          	6.159504e+02
1214          	6.159507e+02
1215          	6.159510e+02
1216          	6.159513e+02
1217          	6.159517e+02
1218          	6.159520e+02
1219          	6.159523e+02
1220          	6.159526e+02
1221          	6.159529e+02
1222          	6.159532e+02
1223          	6.159535e+02
1224          	6.159538e+02
1225          	6.159541e+02
1226          	6.159544e+02
1227          	6.159547e+02
1228          	6.159550e+02
1229          	6.159553e+02
1230          	6.159556e+02
1231          	6.159559e+02
1232          	6.159562e+02
1233          	6.159565e+02
1234          	6.159567e+02
1235          	6.159570e+02
1236          	6.159573e+02
1237          	6.159576e+02
1238          	6.159579e+02
1239          	6.159581e+02
1240          	6.159584e+02
1241          	6.159587e+02
1242          	6.159589e+02
1243          	6.159592e+02
1244          	6.159595e+02
1245          	6.159597e+02
1246          	6.159600e+02
1247          	6.159603e+02
1248          	6.159605e+02
1249          	6.159608e+02
1250          	6.159610e+02
1251          	6.159613e+02
1252          	6.159615e+02
1253          	6.159618e+02
1254          	6.159620e+02
1255          	6.159623e+02
1256          	6.159625e+02
1257          	6.159628e+02
1258          	6.159630e+02
1259          	6.159632e+02
1260          	6.159635e+02
1261          	6.159637e+02
1262          	6.159639e+02
1263          	6.159642e+02
1264          	6.159644e+02
1265          	6.159646e+02
1266          	6.159649e+02
1267          	6.159651e+02
1268          	6.159653e+02
1269          	6.159655e+02
1270          	6.159658e+02
1271          	6.159660e+02
1272          	6.159662e+02
1273          	6.159664e+02
1274          	6.159666e+02
1275          	6.159668e+02
1276          	6.159671e+02
1277          	6.159673e+02
1278          	6.159675e+02
1279          	6.159677e+02
1280          	6.159679e+02
1281          	6.159681e+02
1282          	6.159683e+02
1283          	6.159685e+02
1284          	6.159687e+02
1285          	6.159689e+02
1286          	6.159691e+02
1287          	6.159693e+02
1288          	6.159695e+02
1289          	6.159697e+02
1290          	6.159699e+02
1291          	6.159701e+02
1292          	6.159703e+02
1293          	6.159705e+02
1294          	6.159707e+02
1295          	6.159708e+02
1296          	6.159710e+02
1297          	6.159712e+02
1298          	6.159714e+02
1299          	6.159716e+02
1300          	6.159718e+02
1301          	6.159720e+02
1302          	6.159721e+02
1303          	6.159723e+02
1304          	6.159725e+02
1305          	6.159727e+02
1306          	6.159728e+02
1307          	6.159730e+02
1308          	6.159732e+02
1309          	6.159734e+02
1310          	6.159735e+02
1311          	6.159737e+02
1312          	6.159739e+02
1313          	6.159740e+02
1314          	6.159742e+02
1315          	6.159744e+02
1316          	6.159745e+02
1317          	6.159747e+02
1318          	6.159749e+02
1319          	6.159750e+02
1320          	6.159752e+02
1321          	6.159753e+02
1322          	6.159755e+02
1323          	6.159757e+02
1324          	6.159758e+02
1325          	6.159760e+02
1326          	6.159761e+02
1327          	6.159763e+02
1328          	6.159764e+02
1329          	6.159766e+02
1330          	6.159767e+02
1331          	6.159769e+02
1332          	6.159770e+02
1333          	6.159772e+02
1334          	6.159773e+02
1335          	6.159775e+02
1336          	6.159776e+02
1337          	6.159777e+02
1338          	6.159779e+02
1339          	6.159780e+02
1340          	6.159782e+02
1341          	6.159783e+02
1342          	6.159785e+02
1343          	6.159786e+02
1344          	6.159787e+02
1345          	6.159789e+02
1346          	6.159790e+02
1347          	6.159791e+02
1348          	6.159793e+02
1349          	6.159794e+02
1350          	6.159795e+02
1351          	6.159797e+02
1352          	6.159798e+02
1353          	6.159799e+02
1354          	6.159801e+02
1355          	6.159802e+02
1356          	6.159803e+02
1357          	6.159804e+02
1358          	6.159806e+02
1359          	6.159807e+02
1360          	6.159808e+02
1361          	6.159809e+02
1362          	6.159811e+02
1363          	6.159812e+02
1364          	6.159813e+02
1365          	6.159814e+02
1366          	6.159815e+02
1367          	6.159817e+02
1368          	6.159818e+02
1369          	6.159819e+02
1370          	6.159820e+02
1371          	6.159821e+02
1372          	6.159823e+02
1373          	6.159824e+02
1374          	6.159825e+02
1375          	6.159826e+02
1376          	6.159827e+02
1377          	6.159828e+02
1378          	6.159829e+02
1379          	6.159830e+02
1380          	6.159832e+02
1381          	6.159833e+02
1382          	6.159834e+02
1383          	6.159835e+02
1384          	6.159836e+02
1385          	6.159837e+02
1386          	6.159838e+02
1387          	6.159839e+02
1388          	6.159840e+02
1389          	6.159841e+02
1390          	6.159842e+02
1391          	6.159843e+02
1392          	6.159844e+02
1393          	6.159845e+02
1394          	6.159846e+02
1395          	6.159847e+02
1396          	6.159848e+02
1397          	6.159849e+02
1398          	6.159850e+02
1399          	6.159851e+02
1400          	6.159852e+02
1401          	6.159853e+02
1402          	6.159854e+02
1403          	6.159855e+02
1404          	6.159856e+02
1405          	6.159857e+02
1406          	6.159858e+02
1407          	6.159859e+02
1408          	6.159860e+02
1409          	6.159861e+02
1410          	6.159862e+02
1411          	6.159863e+02
1412          	6.159863e+02
1413          	6.159864e+02
1414          	6.159865e+02
1415          	6.159866e+02
1416          	6.159867e+02
1417          	6.159868e+02
1418          	6.159869e+02
1419          	6.159870e+02
1420          	6.159870e+02
1421          	6.159871e+02
1422          	6.159872e+02
1423          	6.159873e+02
1424          	6.159874e+02
1425          	6.159875e+02
1426          	6.159876e+02
1427          	6.159876e+02
1428          	6.159877e+02
1429          	6.159878e+02
1430          	6.159879e+02
1431          	6.159880e+02
1432          	6.159880e+02
1433          	6.159881e+02
1434          	6.159882e+02
1435          	6.159883e+02
1436          	6.159884e+02
1437          	6.159884e+02
1438          	6.159885e+02
1439          	6.159886e+02
1440          	6.159887e+02
1441          	6.159888e+02
1442          	6.159888e+02
1443          	6.159889e+02
1444          	6.159890e+02
1445          	6.159891e+02
1446          	6.159891e+02
1447          	6.159892e+02
1448          	6.159893e+02
1449          	6.159894e+02
1450          	6.159894e+02
1451          	6.159895e+02
1452          	6.159896e+02
1453          	6.159896e+02
1454          	6.159897e+02
1455          	6.159898e+02
1456          	6.159899e+02
1457          	6.159899e+02
1458          	6.159900e+02
1459          	6.159901e+02
1460          	6.159901e+02
1461          	6.159902e+02
1462          	6.159903e+02
1463          	6.159903e+02
1464          	6.159904e+02
1465          	6.159905e+02
1466          	6.159905e+02
1467          	6.159906e+02
1468          	6.159907e+02
1469          	6.159907e+02
1470          	6.159908e+02
1471          	6.159909e+02
1472          	6.159909e+02
1473          	6.159910e+02
1474          	6.159910e+02
1475          	6.159911e+02
1476          	6.159912e+02
1477          	6.159912e+02
1478          	6.159913e+02
1479          	6.159914e+02
1480          	6.159914e+02
1481          	6.159915e+02
1482          	6.159915e+02
1483          	6.159916e+02
1484          	6.159917e+02
1485          	6.159917e+02
1486          	6.159918e+02
1487          	6.159918e+02
1488          	6.159919e+02
1489          	6.159920e+02
1490          	6.159920e+02
1491          	6.159921e+02
1492          	6.159921e+02
1493          	6.159922e+02
1494          	6.159922e+02
1495          	6.159923e+02
1496          	6.159924e+02
1497          	6.159924e+02
1498          	6.159925e+02
1499          	6.159925e+02
1500          	6.159926e+02
1501          	6.159926e+02
1502          	6.159927e+02
1503          	6.159927e+02
1504          	6.159928e+02
1505          	6.159928e+02
1506          	6.159929e+02
1507          	6.159929e+02
1508          	6.159930e+02
1509          	6.159931e+02
1510          	6.159931e+02
1511          	6.159932e+02
1512          	6.159932e+02
1513          	6.159933e+02
1514          	6.159933e+02
1515          	6.159934e+02
1516          	6.159934e+02
1517          	6.159935e+02
1518          	6.159935e+02
1519          	6.159936e+02
1520          	6.159936e+02
1521          	6.159937e+02
1522          	6.159937e+02
1523          	6.159938e+02
1524          	6.159938e+02
1525          	6.159938e+02
1526          	6.159939e+02
1527          	6.159939e+02
1528          	6.159940e+02
1529          	6.159940e+02
1530          	6.159941e+02
1531          	6.159941e+02
1532          	6.159942e+02
1533          	6.159942e+02
1534          	6.159943e+02
1535          	6.159943e+02
1536          	6.159944e+02
1537          	6.159944e+02
1538          	6.159944e+02
1539          	6.159945e+02
1540          	6.159945e+02
1541          	6.159945e+02
1542          	6.159946e+02
1543          	6.159946e+02
1544          	6.159946e+02
1545          	6.159946e+02
1546          	6.159946e+02
1547          	6.159947e+02
1548          	6.159947e+02
1549          	6.159947e+02
1550          	6.159947e+02
1551          	6.159948e+02
1552          	6.159948e+02
1553          	6.159948e+02
1554          	6.159948e+02
1555          	6.159948e+02
1556          	6.159948e+02
1557          	6.159948e+02
1558          	6.159948e+02
1559          	6.159949e+02
1560          	6.159949e+02
1561          	6.159949e+02
1562          	6.159949e+02
1563          	6.159949e+02
1564          	6.159950e+02
1565          	6.159950e+02
1566          	6.159950e+02
1567          	6.159950e+02
1568          	6.159950e+02
1569          	6.159951e+02
1570          	6.159951e+02
1571          	6.159951e+02
1572          	6.159951e+02
1573          	6.159951e+02
1574          	6.159951e+02
1575          	6.159951e+02
1576          	6.159951e+02
1577          	6.159951e+02
1578          	6.159951e+02
1579          	6.159952e+02
1580          	6.159952e+02
1581          	6.159952e+02
1582          	6.159952e+02
1583          	6.159952e+02
1584          	6.159952e+02
1585          	6.159953e+02
1586          	6.159953e+02
1587          	6.159953e+02
1588          	6.159953e+02
1589          	6.159953e+02
1590          	6.159953e+02
1591          	6.159953e+02
1592          	6.159954e+02
1593          	6.159954e+02
1594          	6.159954e+02
1595          	6.159954e+02
1596          	6.159954e+02
1597          	6.159954e+02
1598          	6.159954e+02
1599          	6.159954e+02
1600          	6.159954e+02
1601          	6.159954e+02
1602          	6.159955e+02
1603          	6.159955e+02
1604          	6.159955e+02
1605          	6.159955e+02
1606          	6.159955e+02
1607          	6.159955e+02
1608          	6.159955e+02
1609          	6.159955e+02
1610          	6.159956e+02
1611          	6.159956e+02
1612          	6.159956e+02
1613          	6.159956e+02
1614          	6.159956e+02
1615          	6.159956e+02
1616          	6.159956e+02
1617          	6.159956e+02
1618          	6.159957e+02
1619          	6.159957e+02
1620          	6.159957e+02
1621          	6.159957e+02
1622          	6.159957e+02
1623          	6.159957e+02
1624          	6.159957e+02
1625          	6.159957e+02
1626          	6.159957e+02
1627          	6.159957e+02
1628          	6.159957e+02
1629          	6.159957e+02
1630          	6.159958e+02
1631          	6.159958e+02
1632          	6.159958e+02
1633          	6.159958e+02
1634          	6.159958e+02
1635          	6.159958e+02
1636          	6.159958e+02
1637          	6.159958e+02
1638          	6.159958e+02
1639          	6.159959e+02
1640          	6.159959e+02
1641          	6.159959e+02
1642          	6.159959e+02
1643          	6.159959e+02
1644          	6.159959e+02
1645          	6.159959e+02
1646          	6.159959e+02
1647          	6.159959e+02
1648          	6.159960e+02
1649          	6.159960e+02
1650          	6.159960e+02
1651          	6.159960e+02
1652          	6.159960e+02
1653          	6.159960e+02
1654          	6.159960e+02
1655          	6.159960e+02
1656          	6.159960e+02
1657          	6.159960e+02
1658          	6.159960e+02
1659          	6.159960e+02
1660          	6.159960e+02
1661          	6.159960e+02
1662          	6.159960e+02
1663          	6.159960e+02
1664          	6.159960e+02
1665          	6.159960e+02
1666          	6.159960e+02
1667          	6.159961e+02
1668          	6.159961e+02
1669          	6.159961e+02
1670          	6.159961e+02
1671          	6.159961e+02
1672          	6.159961e+02
1673          	6.159961e+02
1674          	6.159961e+02
1675          	6.159961e+02
1676          	6.159961e+02
1677          	6.159961e+02
1678          	6.159962e+02
1679          	6.159962e+02
1680          	6.159962e+02
1681          	6.159962e+02
1682          	6.159962e+02
1683          	6.159962e+02
1684          	6.159962e+02
1685          	6.159962e+02
1686          	6.159962e+02
1687          	6.159962e+02
1688          	6.159962e+02
1689          	6.159962e+02
1690          	6.159962e+02
1691          	6.159963e+02
1692          	6.159963e+02
1693          	6.159963e+02
1694          	6.159963e+02
1695          	6.159963e+02
1696          	6.159963e+02
1697          	6.159963e+02
1698          	6.159963e+02
1699          	6.159963e+02
1700          	6.159963e+02
1701          	6.159963e+02
1702          	6.159963e+02
1703          	6.159964e+02
1704          	6.159964e+02
1705          	6.159964e+02
1706          	6.159964e+02
1707          	6.159964e+02
1708          	6.159964e+02
1709          	6.159964e+02
1710          	6.159964e+02
1711          	6.159964e+02
1712          	6.159964e+02
1713          	6.159964e+02
1714          	6.159964e+02
1715          	6.159964e+02
1716          	6.159964e+02
1717          	6.159965e+02
1718          	6.159965e+02
1719          	6.159965e+02
1720          	6.159965e+02
1721          	6.159965e+02
1722          	6.159965e+02
1723          	6.159965e+02
1724          	6.159965e+02
1725          	6.159965e+02
1726          	6.159965e+02
1727          	6.159965e+02
1728          	6.159965e+02
1729          	6.159965e+02
1730          	6.159965e+02
1731          	6.159965e+02
1732          	6.159965e+02
1733          	6.159965e+02
1734          	6.159965e+02
1735          	6.159965e+02
1736          	6.159965e+02
1737          	6.159965e+02
1738          	6.159965e+02
1739          	6.159965e+02
1740          	6.159965e+02
1741          	6.159965e+02
1742          	6.159965e+02
1743          	6.159965e+02
1744          	6.159965e+02
1745          	6.159965e+02
1746          	6.159965e+02
1747          	6.159966e+02
1748          	6.159966e+02
1749          	6.159966e+02
1750          	6.159966e+02
1751          	6.159966e+02
1752          	6.159966e+02
1753          	6.159966e+02
1754          	6.159966e+02
1755          	6.159966e+02
1756          	6.159966e+02
1757          	6.159966e+02
1758          	6.159966e+02
1759          	6.159966e+02
1760          	6.159966e+02
1761          	6.159966e+02
1762          	6.159966e+02
1763          	6.159966e+02
1764          	6.159967e+02
1765          	6.159967e+02
1766          	6.159967e+02
1767          	6.159967e+02
1768          	6.159967e+02
1769          	6.159967e+02
1770          	6.159967e+02
1771          	6.159967e+02
1772          	6.159967e+02
1773          	6.159967e+02
1774          	6.159967e+02
1775          	6.159967e+02
1776          	6.159967e+02
1777          	6.159967e+02
1778          	6.159967e+02
1779          	6.159967e+02
1780          	6.159967e+02
1781          	6.159967e+02
1782          	6.159967e+02
1783          	6.159967e+02
1784          	6.159968e+02
1785          	6.159968e+02
1786          	6.159968e+02
1787          	6.159968e+02
1788          	6.159968e+02
1789          	6.159968e+02
1790          	6.159968e+02
1791          	6.159968e+02
1792          	6.159968e+02
1793          	6.159968e+02
1794          	6.159968e+02
1795          	6.159968e+02
1796          	6.159968e+02
1797          	6.159968e+02
1798          	6.159968e+02
1799          	6.159968e+02
1800          	6.159968e+02
1801          	6.159968e+02
1802          	6.159968e+02
1803          	6.159968e+02
1804          	6.159968e+02
1805          	6.159968e+02
1806          	6.159968e+02
1807          	6.159969e+02
1808          	6.159969e+02
1809          	6.159969e+02
1810          	6.159969e+02
1811          	6.159969e+02
1812          	6.159969e+02
1813          	6.159969e+02
1814          	6.159969e+02
1815          	6.159969e+02
1816          	6.159969e+02
1817          	6.159969e+02
1818          	6.159969e+02
1819          	6.159969e+02
1820          	6.159969e+02
1821          	6.159969e+02
1822          	6.159969e+02
1823          	6.159969e+02
1824          	6.159969e+02
1825          	6.159969e+02
1826          	6.159969e+02
1827          	6.159969e+02
1828          	6.159969e+02
1829          	6.159969e+02
1830          	6.159969e+02
1831          	6.159969e+02
1832          	6.159970e+02
1833          	6.159970e+02
1834          	6.159970e+02
1835          	6.159970e+02
1836          	6.159970e+02
1837          	6.159970e+02
1838          	6.159970e+02
1839          	6.159970e+02
1840          	6.159970e+02
1841          	6.159970e+02
1842          	6.159970e+02
1843          	6.159970e+02
1844          	6.159970e+02
1845          	6.159970e+02
1846          	6.159970e+02
1847          	6.159970e+02
1848          	6.159970e+02
1849          	6.159970e+02
1850          	6.159970e+02
1851          	6.159970e+02
1852          	6.159970e+02
1853          	6.159970e+02
1854          	6.159970e+02
1855          	6.159970e+02
1856          	6.159970e+02
1857          	6.159970e+02
1858          	6.159970e+02
1859          	6.159970e+02
1860          	6.159970e+02
1861          	6.159970e+02
1862          	6.159970e+02
1863          	6.159970e+02
1864          	6.159970e+02
1865          	6.159970e+02
1866          	6.159970e+02
1867          	6.159970e+02
1868          	6.159970e+02
1869          	6.159970e+02
1870          	6.159970e+02
1871          	6.159970e+02
1872          	6.159970e+02
1873          	6.159970e+02
1874          	6.159970e+02
1875          	6.159970e+02
1876          	6.159970e+02
1877          	6.159970e+02
1878          	6.159970e+02
1879          	6.159970e+02
1880          	6.159970e+02
1881          	6.159970e+02
1882          	6.159970e+02
1883          	6.159970e+02
1884          	6.159970e+02
1885          	6.159970e+02
1886          	6.159970e+02
1887          	6.159970e+02
1888          	6.159970e+02
1889          	6.159970e+02
1890          	6.159970e+02
1891          	6.159970e+02
1892          	6.159970e+02
1893          	6.159970e+02
1894          	6.159970e+02
1895          	6.159970e+02
1896          	6.159970e+02
1897          	6.159970e+02
1898          	6.159970e+02
1899          	6.159971e+02
1900          	6.159971e+02
1901          	6.159971e+02
1902          	6.159971e+02
1903          	6.159971e+02
1904          	6.159971e+02
1905          	6.159971e+02
1906          	6.159971e+02
1907          	6.159971e+02
1908          	6.159971e+02
1909          	6.159971e+02
1910          	6.159971e+02
1911          	6.159971e+02
1912          	6.159971e+02
1913          	6.159971e+02
1914          	6.159971e+02
1915          	6.159971e+02
1916          	6.159971e+02
1917          	6.159971e+02
1918          	6.159971e+02
1919          	6.159971e+02
1920          	6.159971e+02
1921          	6.159971e+02
1922          	6.159971e+02
1923          	6.159971e+02
1924          	6.159971e+02
1925          	6.159971e+02
1926          	6.159971e+02
1927          	6.159971e+02
1928          	6.159971e+02
1929          	6.159971e+02
1930          	6.159971e+02
1931          	6.159971e+02
1932          	6.159971e+02
1933          	6.159971e+02
1934          	6.159971e+02
1935          	6.159971e+02
1936          	6.159971e+02
1937          	6.159971e+02
1938          	6.159971e+02
1939          	6.159971e+02
1940          	6.159971e+02
1941          	6.159971e+02
1942          	6.159971e+02
1943          	6.159971e+02
1944          	6.159971e+02
1945          	6.159971e+02
1946          	6.159971e+02
1947          	6.159971e+02
1948          	6.159971e+02
1949          	6.159971e+02
1950          	6.159971e+02
1951          	6.159971e+02
1952          	6.159971e+02
1953          	6.159971e+02
1954          	6.159971e+02
1955          	6.159971e+02
1956          	6.159971e+02
1957          	6.159971e+02
1958          	6.159972e+02
1959          	6.159972e+02
1960          	6.159972e+02
1961          	6.159972e+02
1962          	6.159972e+02
1963          	6.159972e+02
1964          	6.159972e+02
1965          	6.159972e+02
1966          	6.159972e+02
1967          	6.159972e+02
1968          	6.159972e+02
1969          	6.159972e+02
1970          	6.159972e+02
1971          	6.159972e+02
1972          	6.159972e+02
1973          	6.159972e+02
1974          	6.159972e+02
1975          	6.159972e+02
1976          	6.159972e+02
1977          	6.159972e+02
1978          	6.159972e+02
1979          	6.159972e+02
1980          	6.159972e+02
1981          	6.159972e+02
1982          	6.159972e+02
1983          	6.159972e+02
1984          	6.159972e+02
1985          	6.159972e+02
1986          	6.159972e+02
1987          	6.159972e+02
1988          	6.159972e+02
1989          	6.159972e+02
1990          	6.159972e+02
1991          	6.159972e+02
1992          	6.159972e+02
1993          	6.159972e+02
1994          	6.159972e+02
1995          	6.159972e+02
1996          	6.159972e+02
1997          	6.159972e+02
1998          	6.159972e+02
1999          	6.159972e+02
2000          	6.159972e+02
