# Region      : all 
# Cells       : 2264
# Volume      : 3.329701e-06
# Time        	volAverage(T)
0             	2.969000e+02
1             	2.969000e+02
2             	2.992099e+02
3             	3.015030e+02
4             	3.037919e+02
5             	3.060733e+02
6             	3.083417e+02
7             	3.105947e+02
8             	3.128315e+02
9             	3.150516e+02
10            	3.172551e+02
11            	3.194421e+02
12            	3.216126e+02
13            	3.237668e+02
14            	3.259051e+02
15            	3.280275e+02
16            	3.301345e+02
17            	3.322260e+02
18            	3.343024e+02
19            	3.363637e+02
20            	3.384101e+02
21            	3.404419e+02
22            	3.424590e+02
23            	3.444617e+02
24            	3.464500e+02
25            	3.484242e+02
26            	3.503843e+02
27            	3.523306e+02
28            	3.542632e+02
29            	3.561821e+02
30            	3.580874e+02
31            	3.599789e+02
32            	3.618561e+02
33            	3.637190e+02
34            	3.655677e+02
35            	3.674023e+02
36            	3.692227e+02
37            	3.710292e+02
38            	3.728218e+02
39            	3.746008e+02
40            	3.763662e+02
41            	3.781183e+02
42            	3.798571e+02
43            	3.815828e+02
44            	3.832956e+02
45            	3.849956e+02
46            	3.866830e+02
47            	3.883582e+02
48            	3.900205e+02
49            	3.916702e+02
50            	3.933076e+02
51            	3.949327e+02
52            	3.965458e+02
53            	3.981469e+02
54            	3.997361e+02
55            	4.013136e+02
56            	4.028793e+02
57            	4.044335e+02
58            	4.059762e+02
59            	4.075075e+02
60            	4.090274e+02
61            	4.105362e+02
62            	4.120338e+02
63            	4.135204e+02
64            	4.149962e+02
65            	4.164611e+02
66            	4.179153e+02
67            	4.193588e+02
68            	4.207916e+02
69            	4.222139e+02
70            	4.236257e+02
71            	4.250271e+02
72            	4.264181e+02
73            	4.277990e+02
74            	4.291696e+02
75            	4.305302e+02
76            	4.318808e+02
77            	4.332215e+02
78            	4.345523e+02
79            	4.358733e+02
80            	4.371846e+02
81            	4.384862e+02
82            	4.397783e+02
83            	4.410608e+02
84            	4.423339e+02
85            	4.435977e+02
86            	4.448521e+02
87            	4.460974e+02
88            	4.473335e+02
89            	4.485605e+02
90            	4.497786e+02
91            	4.509878e+02
92            	4.521881e+02
93            	4.533797e+02
94            	4.545625e+02
95            	4.557367e+02
96            	4.569023e+02
97            	4.580594e+02
98            	4.592079e+02
99            	4.603481e+02
100           	4.614798e+02
101           	4.626032e+02
102           	4.637184e+02
103           	4.648253e+02
104           	4.659241e+02
105           	4.670149e+02
106           	4.680976e+02
107           	4.691724e+02
108           	4.702392e+02
109           	4.712983e+02
110           	4.723495e+02
111           	4.733929e+02
112           	4.744286e+02
113           	4.754566e+02
114           	4.764771e+02
115           	4.774900e+02
116           	4.784954e+02
117           	4.794934e+02
118           	4.804840e+02
119           	4.814672e+02
120           	4.824431e+02
121           	4.834118e+02
122           	4.843733e+02
123           	4.853276e+02
124           	4.862747e+02
125           	4.872149e+02
126           	4.881480e+02
127           	4.890742e+02
128           	4.899934e+02
129           	4.909058e+02
130           	4.918114e+02
131           	4.927102e+02
132           	4.936023e+02
133           	4.944877e+02
134           	4.953664e+02
135           	4.962386e+02
136           	4.971043e+02
137           	4.979634e+02
138           	4.988162e+02
139           	4.996625e+02
140           	5.005025e+02
141           	5.013363e+02
142           	5.021637e+02
143           	5.029850e+02
144           	5.038000e+02
145           	5.046089e+02
146           	5.054118e+02
147           	5.062086e+02
148           	5.069993e+02
149           	5.077841e+02
150           	5.085630e+02
151           	5.093360e+02
152           	5.101031e+02
153           	5.108644e+02
154           	5.116199e+02
155           	5.123696e+02
156           	5.131137e+02
157           	5.138521e+02
158           	5.145849e+02
159           	5.153121e+02
160           	5.160338e+02
161           	5.167499e+02
162           	5.174607e+02
163           	5.181660e+02
164           	5.188659e+02
165           	5.195605e+02
166           	5.202499e+02
167           	5.209339e+02
168           	5.216127e+02
169           	5.222864e+02
170           	5.229549e+02
171           	5.236183e+02
172           	5.242766e+02
173           	5.249299e+02
174           	5.255782e+02
175           	5.262216e+02
176           	5.268600e+02
177           	5.274936e+02
178           	5.281223e+02
179           	5.287462e+02
180           	5.293653e+02
181           	5.299796e+02
182           	5.305893e+02
183           	5.311942e+02
184           	5.317946e+02
185           	5.323903e+02
186           	5.329814e+02
187           	5.335680e+02
188           	5.341501e+02
189           	5.347277e+02
190           	5.353008e+02
191           	5.358696e+02
192           	5.364339e+02
193           	5.369939e+02
194           	5.375496e+02
195           	5.381011e+02
196           	5.386482e+02
197           	5.391912e+02
198           	5.397299e+02
199           	5.402645e+02
200           	5.407949e+02
201           	5.413212e+02
202           	5.418435e+02
203           	5.423618e+02
204           	5.428761e+02
205           	5.433864e+02
206           	5.438929e+02
207           	5.443954e+02
208           	5.448941e+02
209           	5.453889e+02
210           	5.458800e+02
211           	5.463672e+02
212           	5.468507e+02
213           	5.473305e+02
214           	5.478066e+02
215           	5.482790e+02
216           	5.487478e+02
217           	5.492130e+02
218           	5.496746e+02
219           	5.501327e+02
220           	5.505872e+02
221           	5.510383e+02
222           	5.514858e+02
223           	5.519299e+02
224           	5.523706e+02
225           	5.528079e+02
226           	5.532418e+02
227           	5.536723e+02
228           	5.540996e+02
229           	5.545235e+02
230           	5.549442e+02
231           	5.553616e+02
232           	5.557758e+02
233           	5.561869e+02
234           	5.565947e+02
235           	5.569995e+02
236           	5.574011e+02
237           	5.577996e+02
238           	5.581951e+02
239           	5.585876e+02
240           	5.589770e+02
241           	5.593634e+02
242           	5.597469e+02
243           	5.601274e+02
244           	5.605050e+02
245           	5.608797e+02
246           	5.612515e+02
247           	5.616205e+02
248           	5.619867e+02
249           	5.623501e+02
250           	5.627107e+02
251           	5.630685e+02
252           	5.634236e+02
253           	5.637759e+02
254           	5.641256e+02
255           	5.644726e+02
256           	5.648169e+02
257           	5.651586e+02
258           	5.654977e+02
259           	5.658341e+02
260           	5.661680e+02
261           	5.664993e+02
262           	5.668280e+02
263           	5.671542e+02
264           	5.674780e+02
265           	5.677992e+02
266           	5.681180e+02
267           	5.684343e+02
268           	5.687482e+02
269           	5.690597e+02
270           	5.693689e+02
271           	5.696756e+02
272           	5.699801e+02
273           	5.702822e+02
274           	5.705819e+02
275           	5.708794e+02
276           	5.711746e+02
277           	5.714676e+02
278           	5.717583e+02
279           	5.720467e+02
280           	5.723330e+02
281           	5.726171e+02
282           	5.728990e+02
283           	5.731788e+02
284           	5.734564e+02
285           	5.737319e+02
286           	5.740053e+02
287           	5.742766e+02
288           	5.745458e+02
289           	5.748130e+02
290           	5.750781e+02
291           	5.753413e+02
292           	5.756024e+02
293           	5.758615e+02
294           	5.761186e+02
295           	5.763737e+02
296           	5.766270e+02
297           	5.768782e+02
298           	5.771276e+02
299           	5.773750e+02
300           	5.776206e+02
301           	5.778642e+02
302           	5.781060e+02
303           	5.783459e+02
304           	5.785840e+02
305           	5.788202e+02
306           	5.790547e+02
307           	5.792873e+02
308           	5.795181e+02
309           	5.797472e+02
310           	5.799745e+02
311           	5.802001e+02
312           	5.804240e+02
313           	5.806461e+02
314           	5.808666e+02
315           	5.810853e+02
316           	5.813024e+02
317           	5.815177e+02
318           	5.817315e+02
319           	5.819435e+02
320           	5.821540e+02
321           	5.823628e+02
322           	5.825699e+02
323           	5.827755e+02
324           	5.829795e+02
325           	5.831819e+02
326           	5.833827e+02
327           	5.835819e+02
328           	5.837796e+02
329           	5.839758e+02
330           	5.841704e+02
331           	5.843636e+02
332           	5.845552e+02
333           	5.847454e+02
334           	5.849341e+02
335           	5.851213e+02
336           	5.853071e+02
337           	5.854914e+02
338           	5.856744e+02
339           	5.858558e+02
340           	5.860359e+02
341           	5.862146e+02
342           	5.863919e+02
343           	5.865678e+02
344           	5.867423e+02
345           	5.869154e+02
346           	5.870872e+02
347           	5.872577e+02
348           	5.874268e+02
349           	5.875946e+02
350           	5.877610e+02
351           	5.879262e+02
352           	5.880900e+02
353           	5.882526e+02
354           	5.884139e+02
355           	5.885739e+02
356           	5.887327e+02
357           	5.888902e+02
358           	5.890465e+02
359           	5.892015e+02
360           	5.893554e+02
361           	5.895080e+02
362           	5.896594e+02
363           	5.898097e+02
364           	5.899587e+02
365           	5.901067e+02
366           	5.902534e+02
367           	5.903991e+02
368           	5.905435e+02
369           	5.906869e+02
370           	5.908292e+02
371           	5.909703e+02
372           	5.911104e+02
373           	5.912493e+02
374           	5.913872e+02
375           	5.915240e+02
376           	5.916597e+02
377           	5.917943e+02
378           	5.919279e+02
379           	5.920604e+02
380           	5.921918e+02
381           	5.923222e+02
382           	5.924516e+02
383           	5.925800e+02
384           	5.927073e+02
385           	5.928336e+02
386           	5.929589e+02
387           	5.930832e+02
388           	5.932066e+02
389           	5.933289e+02
390           	5.934503e+02
391           	5.935707e+02
392           	5.936901e+02
393           	5.938086e+02
394           	5.939262e+02
395           	5.940429e+02
396           	5.941586e+02
397           	5.942734e+02
398           	5.943873e+02
399           	5.945003e+02
400           	5.946124e+02
401           	5.947237e+02
402           	5.948340e+02
403           	5.949435e+02
404           	5.950521e+02
405           	5.951599e+02
406           	5.952668e+02
407           	5.953728e+02
408           	5.954781e+02
409           	5.955824e+02
410           	5.956860e+02
411           	5.957888e+02
412           	5.958907e+02
413           	5.959918e+02
414           	5.960922e+02
415           	5.961918e+02
416           	5.962905e+02
417           	5.963886e+02
418           	5.964858e+02
419           	5.965823e+02
420           	5.966780e+02
421           	5.967730e+02
422           	5.968672e+02
423           	5.969607e+02
424           	5.970534e+02
425           	5.971455e+02
426           	5.972368e+02
427           	5.973274e+02
428           	5.974173e+02
429           	5.975064e+02
430           	5.975949e+02
431           	5.976827e+02
432           	5.977698e+02
433           	5.978562e+02
434           	5.979419e+02
435           	5.980270e+02
436           	5.981113e+02
437           	5.981950e+02
438           	5.982781e+02
439           	5.983605e+02
440           	5.984423e+02
441           	5.985234e+02
442           	5.986039e+02
443           	5.986837e+02
444           	5.987629e+02
445           	5.988416e+02
446           	5.989195e+02
447           	5.989969e+02
448           	5.990737e+02
449           	5.991499e+02
450           	5.992254e+02
451           	5.993004e+02
452           	5.993748e+02
453           	5.994486e+02
454           	5.995218e+02
455           	5.995945e+02
456           	5.996666e+02
457           	5.997381e+02
458           	5.998091e+02
459           	5.998795e+02
460           	5.999493e+02
461           	6.000186e+02
462           	6.000874e+02
463           	6.001556e+02
464           	6.002233e+02
465           	6.002905e+02
466           	6.003571e+02
467           	6.004232e+02
468           	6.004888e+02
469           	6.005539e+02
470           	6.006185e+02
471           	6.006826e+02
472           	6.007461e+02
473           	6.008092e+02
474           	6.008718e+02
475           	6.009339e+02
476           	6.009955e+02
477           	6.010566e+02
478           	6.011172e+02
479           	6.011774e+02
480           	6.012371e+02
481           	6.012963e+02
482           	6.013550e+02
483           	6.014133e+02
484           	6.014712e+02
485           	6.015286e+02
486           	6.015855e+02
487           	6.016420e+02
488           	6.016981e+02
489           	6.017537e+02
490           	6.018088e+02
491           	6.018636e+02
492           	6.019179e+02
493           	6.019718e+02
494           	6.020252e+02
495           	6.020783e+02
496           	6.021309e+02
497           	6.021831e+02
498           	6.022349e+02
499           	6.022863e+02
500           	6.023373e+02
501           	6.023879e+02
502           	6.024381e+02
503           	6.024879e+02
504           	6.025373e+02
505           	6.025864e+02
506           	6.026350e+02
507           	6.026833e+02
508           	6.027312e+02
509           	6.027787e+02
510           	6.028258e+02
511           	6.028726e+02
512           	6.029190e+02
513           	6.029650e+02
514           	6.030107e+02
515           	6.030560e+02
516           	6.031009e+02
517           	6.031455e+02
518           	6.031898e+02
519           	6.032337e+02
520           	6.032772e+02
521           	6.033204e+02
522           	6.033632e+02
523           	6.034057e+02
524           	6.034479e+02
525           	6.034897e+02
526           	6.035312e+02
527           	6.035723e+02
528           	6.036131e+02
529           	6.036536e+02
530           	6.036938e+02
531           	6.037336e+02
532           	6.037731e+02
533           	6.038123e+02
534           	6.038512e+02
535           	6.038898e+02
536           	6.039281e+02
537           	6.039661e+02
538           	6.040039e+02
539           	6.040413e+02
540           	6.040784e+02
541           	6.041152e+02
542           	6.041518e+02
543           	6.041880e+02
544           	6.042240e+02
545           	6.042597e+02
546           	6.042951e+02
547           	6.043302e+02
548           	6.043651e+02
549           	6.043997e+02
550           	6.044340e+02
551           	6.044680e+02
552           	6.045018e+02
553           	6.045353e+02
554           	6.045685e+02
555           	6.046015e+02
556           	6.046342e+02
557           	6.046666e+02
558           	6.046988e+02
559           	6.047308e+02
560           	6.047625e+02
561           	6.047939e+02
562           	6.048251e+02
563           	6.048561e+02
564           	6.048868e+02
565           	6.049172e+02
566           	6.049474e+02
567           	6.049774e+02
568           	6.050072e+02
569           	6.050367e+02
570           	6.050660e+02
571           	6.050950e+02
572           	6.051238e+02
573           	6.051524e+02
574           	6.051808e+02
575           	6.052090e+02
576           	6.052369e+02
577           	6.052646e+02
578           	6.052921e+02
579           	6.053193e+02
580           	6.053464e+02
581           	6.053733e+02
582           	6.053999e+02
583           	6.054263e+02
584           	6.054525e+02
585           	6.054785e+02
586           	6.055044e+02
587           	6.055300e+02
588           	6.055554e+02
589           	6.055806e+02
590           	6.056056e+02
591           	6.056304e+02
592           	6.056550e+02
593           	6.056794e+02
594           	6.057037e+02
595           	6.057277e+02
596           	6.057515e+02
597           	6.057752e+02
598           	6.057987e+02
599           	6.058220e+02
600           	6.058451e+02
601           	6.058680e+02
602           	6.058908e+02
603           	6.059134e+02
604           	6.059358e+02
605           	6.059580e+02
606           	6.059800e+02
607           	6.060019e+02
608           	6.060236e+02
609           	6.060451e+02
610           	6.060665e+02
611           	6.060877e+02
612           	6.061087e+02
613           	6.061296e+02
614           	6.061503e+02
615           	6.061708e+02
616           	6.061912e+02
617           	6.062114e+02
618           	6.062315e+02
619           	6.062514e+02
620           	6.062711e+02
621           	6.062907e+02
622           	6.063102e+02
623           	6.063294e+02
624           	6.063486e+02
625           	6.063676e+02
626           	6.063864e+02
627           	6.064051e+02
628           	6.064236e+02
629           	6.064420e+02
630           	6.064603e+02
631           	6.064784e+02
632           	6.064964e+02
633           	6.065142e+02
634           	6.065319e+02
635           	6.065494e+02
636           	6.065668e+02
637           	6.065841e+02
638           	6.066012e+02
639           	6.066182e+02
640           	6.066351e+02
641           	6.066518e+02
642           	6.066684e+02
643           	6.066849e+02
644           	6.067013e+02
645           	6.067175e+02
646           	6.067336e+02
647           	6.067495e+02
648           	6.067654e+02
649           	6.067811e+02
650           	6.067967e+02
651           	6.068121e+02
652           	6.068275e+02
653           	6.068427e+02
654           	6.068578e+02
655           	6.068728e+02
656           	6.068877e+02
657           	6.069024e+02
658           	6.069170e+02
659           	6.069316e+02
660           	6.069460e+02
661           	6.069603e+02
662           	6.069745e+02
663           	6.069885e+02
664           	6.070025e+02
665           	6.070163e+02
666           	6.070301e+02
667           	6.070437e+02
668           	6.070572e+02
669           	6.070706e+02
670           	6.070840e+02
671           	6.070972e+02
672           	6.071103e+02
673           	6.071233e+02
674           	6.071362e+02
675           	6.071490e+02
676           	6.071617e+02
677           	6.071743e+02
678           	6.071868e+02
679           	6.071992e+02
680           	6.072115e+02
681           	6.072237e+02
682           	6.072358e+02
683           	6.072478e+02
684           	6.072597e+02
685           	6.072716e+02
686           	6.072833e+02
687           	6.072949e+02
688           	6.073065e+02
689           	6.073180e+02
690           	6.073293e+02
691           	6.073406e+02
692           	6.073518e+02
693           	6.073629e+02
694           	6.073739e+02
695           	6.073849e+02
696           	6.073957e+02
697           	6.074065e+02
698           	6.074171e+02
699           	6.074277e+02
700           	6.074382e+02
701           	6.074487e+02
702           	6.074590e+02
703           	6.074693e+02
704           	6.074795e+02
705           	6.074896e+02
706           	6.074996e+02
707           	6.075095e+02
708           	6.075194e+02
709           	6.075292e+02
710           	6.075389e+02
711           	6.075486e+02
712           	6.075581e+02
713           	6.075676e+02
714           	6.075770e+02
715           	6.075864e+02
716           	6.075956e+02
717           	6.076048e+02
718           	6.076139e+02
719           	6.076230e+02
720           	6.076320e+02
721           	6.076409e+02
722           	6.076497e+02
723           	6.076585e+02
724           	6.076672e+02
725           	6.076758e+02
726           	6.076844e+02
727           	6.076929e+02
728           	6.077013e+02
729           	6.077097e+02
730           	6.077180e+02
731           	6.077262e+02
732           	6.077344e+02
733           	6.077425e+02
734           	6.077505e+02
735           	6.077585e+02
736           	6.077664e+02
737           	6.077743e+02
738           	6.077821e+02
739           	6.077898e+02
740           	6.077975e+02
741           	6.078051e+02
742           	6.078126e+02
743           	6.078201e+02
744           	6.078276e+02
745           	6.078349e+02
746           	6.078423e+02
747           	6.078495e+02
748           	6.078567e+02
749           	6.078639e+02
750           	6.078710e+02
751           	6.078780e+02
752           	6.078850e+02
753           	6.078919e+02
754           	6.078988e+02
755           	6.079056e+02
756           	6.079123e+02
757           	6.079191e+02
758           	6.079257e+02
759           	6.079323e+02
760           	6.079389e+02
761           	6.079454e+02
762           	6.079518e+02
763           	6.079582e+02
764           	6.079646e+02
765           	6.079709e+02
766           	6.079771e+02
767           	6.079833e+02
768           	6.079895e+02
769           	6.079956e+02
770           	6.080016e+02
771           	6.080076e+02
772           	6.080136e+02
773           	6.080195e+02
774           	6.080254e+02
775           	6.080312e+02
776           	6.080370e+02
777           	6.080427e+02
778           	6.080484e+02
779           	6.080541e+02
780           	6.080597e+02
781           	6.080652e+02
782           	6.080707e+02
783           	6.080762e+02
784           	6.080816e+02
785           	6.080870e+02
786           	6.080923e+02
787           	6.080976e+02
788           	6.081029e+02
789           	6.081081e+02
790           	6.081133e+02
791           	6.081184e+02
792           	6.081235e+02
793           	6.081286e+02
794           	6.081336e+02
795           	6.081385e+02
796           	6.081435e+02
797           	6.081484e+02
798           	6.081532e+02
799           	6.081580e+02
800           	6.081628e+02
801           	6.081676e+02
802           	6.081723e+02
803           	6.081770e+02
804           	6.081816e+02
805           	6.081862e+02
806           	6.081907e+02
807           	6.081953e+02
808           	6.081998e+02
809           	6.082042e+02
810           	6.082086e+02
811           	6.082130e+02
812           	6.082174e+02
813           	6.082217e+02
814           	6.082260e+02
815           	6.082302e+02
816           	6.082344e+02
817           	6.082386e+02
818           	6.082428e+02
819           	6.082469e+02
820           	6.082510e+02
821           	6.082550e+02
822           	6.082591e+02
823           	6.082631e+02
824           	6.082670e+02
825           	6.082709e+02
826           	6.082748e+02
827           	6.082787e+02
828           	6.082825e+02
829           	6.082863e+02
830           	6.082901e+02
831           	6.082939e+02
832           	6.082976e+02
833           	6.083013e+02
834           	6.083049e+02
835           	6.083086e+02
836           	6.083122e+02
837           	6.083158e+02
838           	6.083193e+02
839           	6.083228e+02
840           	6.083263e+02
841           	6.083298e+02
842           	6.083332e+02
843           	6.083366e+02
844           	6.083400e+02
845           	6.083434e+02
846           	6.083467e+02
847           	6.083500e+02
848           	6.083533e+02
849           	6.083565e+02
850           	6.083598e+02
851           	6.083630e+02
852           	6.083661e+02
853           	6.083693e+02
854           	6.083724e+02
855           	6.083755e+02
856           	6.083786e+02
857           	6.083817e+02
858           	6.083847e+02
859           	6.083877e+02
860           	6.083907e+02
861           	6.083936e+02
862           	6.083966e+02
863           	6.083995e+02
864           	6.084024e+02
865           	6.084052e+02
866           	6.084081e+02
867           	6.084109e+02
868           	6.084137e+02
869           	6.084165e+02
870           	6.084192e+02
871           	6.084220e+02
872           	6.084247e+02
873           	6.084274e+02
874           	6.084301e+02
875           	6.084327e+02
876           	6.084353e+02
877           	6.084380e+02
878           	6.084405e+02
879           	6.084431e+02
880           	6.084457e+02
881           	6.084482e+02
882           	6.084507e+02
883           	6.084532e+02
884           	6.084557e+02
885           	6.084581e+02
886           	6.084605e+02
887           	6.084630e+02
888           	6.084653e+02
889           	6.084677e+02
890           	6.084701e+02
891           	6.084724e+02
892           	6.084747e+02
893           	6.084770e+02
894           	6.084793e+02
895           	6.084816e+02
896           	6.084838e+02
897           	6.084861e+02
898           	6.084883e+02
899           	6.084905e+02
900           	6.084926e+02
901           	6.084948e+02
902           	6.084970e+02
903           	6.084991e+02
904           	6.085012e+02
905           	6.085033e+02
906           	6.085054e+02
907           	6.085074e+02
908           	6.085095e+02
909           	6.085115e+02
910           	6.085135e+02
911           	6.085155e+02
912           	6.085175e+02
913           	6.085195e+02
914           	6.085214e+02
915           	6.085233e+02
916           	6.085253e+02
917           	6.085272e+02
918           	6.085291e+02
919           	6.085309e+02
920           	6.085328e+02
921           	6.085346e+02
922           	6.085365e+02
923           	6.085383e+02
924           	6.085401e+02
925           	6.085419e+02
926           	6.085437e+02
927           	6.085454e+02
928           	6.085472e+02
929           	6.085489e+02
930           	6.085506e+02
931           	6.085523e+02
932           	6.085540e+02
933           	6.085557e+02
934           	6.085574e+02
935           	6.085590e+02
936           	6.085607e+02
937           	6.085623e+02
938           	6.085639e+02
939           	6.085655e+02
940           	6.085671e+02
941           	6.085687e+02
942           	6.085702e+02
943           	6.085718e+02
944           	6.085733e+02
945           	6.085749e+02
946           	6.085764e+02
947           	6.085779e+02
948           	6.085794e+02
949           	6.085809e+02
950           	6.085823e+02
951           	6.085838e+02
952           	6.085852e+02
953           	6.085867e+02
954           	6.085881e+02
955           	6.085895e+02
956           	6.085909e+02
957           	6.085923e+02
958           	6.085937e+02
959           	6.085951e+02
960           	6.085964e+02
961           	6.085978e+02
962           	6.085991e+02
963           	6.086004e+02
964           	6.086018e+02
965           	6.086031e+02
966           	6.086044e+02
967           	6.086056e+02
968           	6.086069e+02
969           	6.086082e+02
970           	6.086094e+02
971           	6.086107e+02
972           	6.086119e+02
973           	6.086131e+02
974           	6.086144e+02
975           	6.086156e+02
976           	6.086168e+02
977           	6.086180e+02
978           	6.086191e+02
979           	6.086203e+02
980           	6.086215e+02
981           	6.086226e+02
982           	6.086238e+02
983           	6.086249e+02
984           	6.086260e+02
985           	6.086271e+02
986           	6.086283e+02
987           	6.086294e+02
988           	6.086304e+02
989           	6.086315e+02
990           	6.086326e+02
991           	6.086337e+02
992           	6.086347e+02
993           	6.086358e+02
994           	6.086368e+02
995           	6.086378e+02
996           	6.086389e+02
997           	6.086399e+02
998           	6.086409e+02
999           	6.086419e+02
1000          	6.086429e+02
1001          	6.086439e+02
1002          	6.086448e+02
1003          	6.086458e+02
1004          	6.086468e+02
1005          	6.086477e+02
1006          	6.086487e+02
1007          	6.086496e+02
1008          	6.086505e+02
1009          	6.086515e+02
1010          	6.086524e+02
1011          	6.086533e+02
1012          	6.086542e+02
1013          	6.086551e+02
1014          	6.086560e+02
1015          	6.086569e+02
1016          	6.086577e+02
1017          	6.086586e+02
1018          	6.086595e+02
1019          	6.086603e+02
1020          	6.086612e+02
1021          	6.086620e+02
1022          	6.086629e+02
1023          	6.086637e+02
1024          	6.086645e+02
1025          	6.086653e+02
1026          	6.086661e+02
1027          	6.086669e+02
1028          	6.086677e+02
1029          	6.086685e+02
1030          	6.086693e+02
1031          	6.086701e+02
1032          	6.086708e+02
1033          	6.086716e+02
1034          	6.086724e+02
1035          	6.086731e+02
1036          	6.086739e+02
1037          	6.086746e+02
1038          	6.086754e+02
1039          	6.086761e+02
1040          	6.086768e+02
1041          	6.086775e+02
1042          	6.086782e+02
1043          	6.086789e+02
1044          	6.086797e+02
1045          	6.086803e+02
1046          	6.086810e+02
1047          	6.086817e+02
1048          	6.086824e+02
1049          	6.086831e+02
1050          	6.086838e+02
1051          	6.086844e+02
1052          	6.086851e+02
1053          	6.086857e+02
1054          	6.086864e+02
1055          	6.086870e+02
1056          	6.086877e+02
1057          	6.086883e+02
1058          	6.086889e+02
1059          	6.086895e+02
1060          	6.086902e+02
1061          	6.086908e+02
1062          	6.086914e+02
1063          	6.086920e+02
1064          	6.086926e+02
1065          	6.086932e+02
1066          	6.086938e+02
1067          	6.086944e+02
1068          	6.086950e+02
1069          	6.086955e+02
1070          	6.086961e+02
1071          	6.086967e+02
1072          	6.086972e+02
1073          	6.086978e+02
1074          	6.086983e+02
1075          	6.086989e+02
1076          	6.086994e+02
1077          	6.087000e+02
1078          	6.087005e+02
1079          	6.087011e+02
1080          	6.087016e+02
1081          	6.087021e+02
1082          	6.087026e+02
1083          	6.087032e+02
1084          	6.087037e+02
1085          	6.087042e+02
1086          	6.087047e+02
1087          	6.087052e+02
1088          	6.087057e+02
1089          	6.087062e+02
1090          	6.087067e+02
1091          	6.087071e+02
1092          	6.087076e+02
1093          	6.087081e+02
1094          	6.087086e+02
1095          	6.087090e+02
1096          	6.087095e+02
1097          	6.087100e+02
1098          	6.087104e+02
1099          	6.087109e+02
1100          	6.087113e+02
1101          	6.087118e+02
1102          	6.087122e+02
1103          	6.087127e+02
1104          	6.087131e+02
1105          	6.087136e+02
1106          	6.087140e+02
1107          	6.087144e+02
1108          	6.087148e+02
1109          	6.087153e+02
1110          	6.087157e+02
1111          	6.087161e+02
1112          	6.087165e+02
1113          	6.087169e+02
1114          	6.087173e+02
1115          	6.087177e+02
1116          	6.087181e+02
1117          	6.087185e+02
1118          	6.087189e+02
1119          	6.087193e+02
1120          	6.087197e+02
1121          	6.087201e+02
1122          	6.087204e+02
1123          	6.087208e+02
1124          	6.087212e+02
1125          	6.087216e+02
1126          	6.087219e+02
1127          	6.087223e+02
1128          	6.087227e+02
1129          	6.087230e+02
1130          	6.087234e+02
1131          	6.087237e+02
1132          	6.087241e+02
1133          	6.087244e+02
1134          	6.087248e+02
1135          	6.087251e+02
1136          	6.087255e+02
1137          	6.087258e+02
1138          	6.087261e+02
1139          	6.087265e+02
1140          	6.087268e+02
1141          	6.087271e+02
1142          	6.087275e+02
1143          	6.087278e+02
1144          	6.087281e+02
1145          	6.087284e+02
1146          	6.087287e+02
1147          	6.087291e+02
1148          	6.087294e+02
1149          	6.087297e+02
1150          	6.087300e+02
1151          	6.087303e+02
1152          	6.087306e+02
1153          	6.087309e+02
1154          	6.087312e+02
1155          	6.087315e+02
1156          	6.087318e+02
1157          	6.087320e+02
1158          	6.087323e+02
1159          	6.087326e+02
1160          	6.087329e+02
1161          	6.087332e+02
1162          	6.087335e+02
1163          	6.087337e+02
1164          	6.087340e+02
1165          	6.087343e+02
1166          	6.087345e+02
1167          	6.087348e+02
1168          	6.087351e+02
1169          	6.087353e+02
1170          	6.087356e+02
1171          	6.087359e+02
1172          	6.087361e+02
1173          	6.087364e+02
1174          	6.087366e+02
1175          	6.087369e+02
1176          	6.087371e+02
1177          	6.087374e+02
1178          	6.087376e+02
1179          	6.087379e+02
1180          	6.087381e+02
1181          	6.087383e+02
1182          	6.087386e+02
1183          	6.087388e+02
1184          	6.087391e+02
1185          	6.087393e+02
1186          	6.087395e+02
1187          	6.087397e+02
1188          	6.087400e+02
1189          	6.087402e+02
1190          	6.087404e+02
1191          	6.087406e+02
1192          	6.087409e+02
1193          	6.087411e+02
1194          	6.087413e+02
1195          	6.087415e+02
1196          	6.087417e+02
1197          	6.087419e+02
1198          	6.087421e+02
1199          	6.087423e+02
1200          	6.087426e+02
1201          	6.087428e+02
1202          	6.087430e+02
1203          	6.087432e+02
1204          	6.087434e+02
1205          	6.087436e+02
1206          	6.087438e+02
1207          	6.087440e+02
1208          	6.087441e+02
1209          	6.087443e+02
1210          	6.087445e+02
1211          	6.087447e+02
1212          	6.087449e+02
1213          	6.087451e+02
1214          	6.087453e+02
1215          	6.087455e+02
1216          	6.087456e+02
1217          	6.087458e+02
1218          	6.087460e+02
1219          	6.087462e+02
1220          	6.087464e+02
1221          	6.087465e+02
1222          	6.087467e+02
1223          	6.087469e+02
1224          	6.087470e+02
1225          	6.087472e+02
1226          	6.087474e+02
1227          	6.087475e+02
1228          	6.087477e+02
1229          	6.087479e+02
1230          	6.087480e+02
1231          	6.087482e+02
1232          	6.087484e+02
1233          	6.087485e+02
1234          	6.087487e+02
1235          	6.087488e+02
1236          	6.087490e+02
1237          	6.087491e+02
1238          	6.087493e+02
1239          	6.087495e+02
1240          	6.087496e+02
1241          	6.087498e+02
1242          	6.087499e+02
1243          	6.087500e+02
1244          	6.087502e+02
1245          	6.087503e+02
1246          	6.087505e+02
1247          	6.087506e+02
1248          	6.087508e+02
1249          	6.087509e+02
1250          	6.087510e+02
1251          	6.087512e+02
1252          	6.087513e+02
1253          	6.087515e+02
1254          	6.087516e+02
1255          	6.087517e+02
1256          	6.087519e+02
1257          	6.087520e+02
1258          	6.087521e+02
1259          	6.087522e+02
1260          	6.087524e+02
1261          	6.087525e+02
1262          	6.087526e+02
1263          	6.087528e+02
1264          	6.087529e+02
1265          	6.087530e+02
1266          	6.087531e+02
1267          	6.087533e+02
1268          	6.087534e+02
1269          	6.087535e+02
1270          	6.087536e+02
1271          	6.087537e+02
1272          	6.087538e+02
1273          	6.087540e+02
1274          	6.087541e+02
1275          	6.087542e+02
1276          	6.087543e+02
1277          	6.087544e+02
1278          	6.087545e+02
1279          	6.087546e+02
1280          	6.087548e+02
1281          	6.087549e+02
1282          	6.087550e+02
1283          	6.087551e+02
1284          	6.087552e+02
1285          	6.087553e+02
1286          	6.087554e+02
1287          	6.087555e+02
1288          	6.087556e+02
1289          	6.087557e+02
1290          	6.087558e+02
1291          	6.087559e+02
1292          	6.087560e+02
1293          	6.087561e+02
1294          	6.087562e+02
1295          	6.087563e+02
1296          	6.087564e+02
1297          	6.087565e+02
1298          	6.087566e+02
1299          	6.087567e+02
1300          	6.087568e+02
1301          	6.087569e+02
1302          	6.087570e+02
1303          	6.087571e+02
1304          	6.087571e+02
1305          	6.087572e+02
1306          	6.087573e+02
1307          	6.087574e+02
1308          	6.087575e+02
1309          	6.087576e+02
1310          	6.087577e+02
1311          	6.087578e+02
1312          	6.087578e+02
1313          	6.087579e+02
1314          	6.087580e+02
1315          	6.087581e+02
1316          	6.087582e+02
1317          	6.087583e+02
1318          	6.087583e+02
1319          	6.087584e+02
1320          	6.087585e+02
1321          	6.087586e+02
1322          	6.087587e+02
1323          	6.087587e+02
1324          	6.087588e+02
1325          	6.087589e+02
1326          	6.087590e+02
1327          	6.087591e+02
1328          	6.087591e+02
1329          	6.087592e+02
1330          	6.087593e+02
1331          	6.087594e+02
1332          	6.087594e+02
1333          	6.087595e+02
1334          	6.087596e+02
1335          	6.087596e+02
1336          	6.087597e+02
1337          	6.087598e+02
1338          	6.087599e+02
1339          	6.087599e+02
1340          	6.087600e+02
1341          	6.087601e+02
1342          	6.087601e+02
1343          	6.087602e+02
1344          	6.087603e+02
1345          	6.087603e+02
1346          	6.087604e+02
1347          	6.087605e+02
1348          	6.087605e+02
1349          	6.087606e+02
1350          	6.087606e+02
1351          	6.087607e+02
1352          	6.087608e+02
1353          	6.087608e+02
1354          	6.087609e+02
1355          	6.087610e+02
1356          	6.087610e+02
1357          	6.087611e+02
1358          	6.087611e+02
1359          	6.087612e+02
1360          	6.087613e+02
1361          	6.087613e+02
1362          	6.087614e+02
1363          	6.087614e+02
1364          	6.087615e+02
1365          	6.087615e+02
1366          	6.087616e+02
1367          	6.087617e+02
1368          	6.087617e+02
1369          	6.087618e+02
1370          	6.087618e+02
1371          	6.087619e+02
1372          	6.087619e+02
1373          	6.087620e+02
1374          	6.087620e+02
1375          	6.087621e+02
1376          	6.087621e+02
1377          	6.087622e+02
1378          	6.087622e+02
1379          	6.087623e+02
1380          	6.087623e+02
1381          	6.087624e+02
1382          	6.087624e+02
1383          	6.087625e+02
1384          	6.087625e+02
1385          	6.087626e+02
1386          	6.087626e+02
1387          	6.087627e+02
1388          	6.087627e+02
1389          	6.087628e+02
1390          	6.087628e+02
1391          	6.087629e+02
1392          	6.087629e+02
1393          	6.087630e+02
1394          	6.087630e+02
1395          	6.087630e+02
1396          	6.087631e+02
1397          	6.087631e+02
1398          	6.087631e+02
1399          	6.087631e+02
1400          	6.087631e+02
1401          	6.087631e+02
1402          	6.087631e+02
1403          	6.087631e+02
1404          	6.087631e+02
1405          	6.087631e+02
1406          	6.087631e+02
1407          	6.087631e+02
1408          	6.087631e+02
1409          	6.087631e+02
1410          	6.087631e+02
1411          	6.087631e+02
1412          	6.087631e+02
1413          	6.087631e+02
1414          	6.087631e+02
1415          	6.087631e+02
1416          	6.087631e+02
1417          	6.087631e+02
1418          	6.087631e+02
1419          	6.087631e+02
1420          	6.087631e+02
1421          	6.087631e+02
1422          	6.087631e+02
1423          	6.087631e+02
1424          	6.087631e+02
1425          	6.087631e+02
1426          	6.087631e+02
1427          	6.087631e+02
1428          	6.087631e+02
1429          	6.087631e+02
1430          	6.087631e+02
1431          	6.087631e+02
1432          	6.087631e+02
1433          	6.087631e+02
1434          	6.087631e+02
1435          	6.087631e+02
1436          	6.087631e+02
1437          	6.087631e+02
1438          	6.087631e+02
1439          	6.087631e+02
1440          	6.087631e+02
1441          	6.087631e+02
1442          	6.087631e+02
1443          	6.087631e+02
1444          	6.087631e+02
1445          	6.087631e+02
1446          	6.087631e+02
1447          	6.087631e+02
1448          	6.087631e+02
1449          	6.087631e+02
1450          	6.087631e+02
1451          	6.087631e+02
1452          	6.087631e+02
1453          	6.087631e+02
1454          	6.087631e+02
1455          	6.087631e+02
1456          	6.087631e+02
1457          	6.087631e+02
1458          	6.087631e+02
1459          	6.087631e+02
1460          	6.087631e+02
1461          	6.087631e+02
1462          	6.087631e+02
1463          	6.087631e+02
1464          	6.087631e+02
1465          	6.087631e+02
1466          	6.087631e+02
1467          	6.087631e+02
1468          	6.087631e+02
1469          	6.087631e+02
1470          	6.087631e+02
1471          	6.087631e+02
1472          	6.087631e+02
1473          	6.087631e+02
1474          	6.087631e+02
1475          	6.087631e+02
1476          	6.087631e+02
1477          	6.087631e+02
1478          	6.087631e+02
1479          	6.087631e+02
1480          	6.087631e+02
1481          	6.087631e+02
1482          	6.087631e+02
1483          	6.087631e+02
1484          	6.087631e+02
1485          	6.087631e+02
1486          	6.087631e+02
1487          	6.087631e+02
1488          	6.087631e+02
1489          	6.087631e+02
1490          	6.087631e+02
1491          	6.087631e+02
1492          	6.087631e+02
1493          	6.087631e+02
1494          	6.087631e+02
1495          	6.087631e+02
1496          	6.087631e+02
1497          	6.087631e+02
1498          	6.087631e+02
1499          	6.087631e+02
1500          	6.087631e+02
1501          	6.087631e+02
1502          	6.087631e+02
1503          	6.087631e+02
1504          	6.087631e+02
1505          	6.087631e+02
1506          	6.087631e+02
1507          	6.087631e+02
1508          	6.087631e+02
1509          	6.087631e+02
1510          	6.087631e+02
1511          	6.087631e+02
1512          	6.087631e+02
1513          	6.087631e+02
1514          	6.087631e+02
1515          	6.087631e+02
1516          	6.087631e+02
1517          	6.087631e+02
1518          	6.087631e+02
1519          	6.087631e+02
1520          	6.087631e+02
1521          	6.087631e+02
1522          	6.087631e+02
1523          	6.087631e+02
1524          	6.087631e+02
1525          	6.087631e+02
1526          	6.087631e+02
1527          	6.087631e+02
1528          	6.087631e+02
1529          	6.087631e+02
1530          	6.087631e+02
1531          	6.087631e+02
1532          	6.087631e+02
1533          	6.087631e+02
1534          	6.087631e+02
1535          	6.087631e+02
1536          	6.087631e+02
1537          	6.087631e+02
1538          	6.087631e+02
1539          	6.087631e+02
1540          	6.087631e+02
1541          	6.087631e+02
1542          	6.087631e+02
1543          	6.087631e+02
1544          	6.087631e+02
1545          	6.087631e+02
1546          	6.087631e+02
1547          	6.087631e+02
1548          	6.087631e+02
1549          	6.087631e+02
1550          	6.087631e+02
1551          	6.087631e+02
1552          	6.087631e+02
1553          	6.087631e+02
1554          	6.087631e+02
1555          	6.087631e+02
1556          	6.087631e+02
1557          	6.087631e+02
1558          	6.087631e+02
1559          	6.087631e+02
1560          	6.087631e+02
1561          	6.087631e+02
1562          	6.087631e+02
1563          	6.087631e+02
1564          	6.087631e+02
1565          	6.087631e+02
1566          	6.087631e+02
1567          	6.087631e+02
1568          	6.087631e+02
1569          	6.087631e+02
1570          	6.087631e+02
1571          	6.087631e+02
1572          	6.087631e+02
1573          	6.087631e+02
1574          	6.087631e+02
1575          	6.087631e+02
1576          	6.087631e+02
1577          	6.087631e+02
1578          	6.087631e+02
1579          	6.087631e+02
1580          	6.087631e+02
1581          	6.087631e+02
1582          	6.087631e+02
1583          	6.087631e+02
1584          	6.087631e+02
1585          	6.087631e+02
1586          	6.087631e+02
1587          	6.087631e+02
1588          	6.087631e+02
1589          	6.087631e+02
1590          	6.087631e+02
1591          	6.087631e+02
1592          	6.087631e+02
1593          	6.087631e+02
1594          	6.087631e+02
1595          	6.087631e+02
1596          	6.087631e+02
1597          	6.087631e+02
1598          	6.087631e+02
1599          	6.087631e+02
1600          	6.087631e+02
1601          	6.087631e+02
1602          	6.087631e+02
1603          	6.087631e+02
1604          	6.087631e+02
1605          	6.087631e+02
1606          	6.087631e+02
1607          	6.087631e+02
1608          	6.087631e+02
1609          	6.087631e+02
1610          	6.087631e+02
1611          	6.087631e+02
1612          	6.087631e+02
1613          	6.087631e+02
1614          	6.087631e+02
1615          	6.087631e+02
1616          	6.087631e+02
1617          	6.087631e+02
1618          	6.087631e+02
1619          	6.087631e+02
1620          	6.087631e+02
1621          	6.087631e+02
1622          	6.087631e+02
1623          	6.087631e+02
1624          	6.087631e+02
1625          	6.087631e+02
1626          	6.087631e+02
1627          	6.087631e+02
1628          	6.087631e+02
1629          	6.087631e+02
1630          	6.087631e+02
1631          	6.087631e+02
1632          	6.087631e+02
1633          	6.087631e+02
1634          	6.087631e+02
1635          	6.087631e+02
1636          	6.087631e+02
1637          	6.087631e+02
1638          	6.087631e+02
1639          	6.087631e+02
1640          	6.087631e+02
1641          	6.087631e+02
1642          	6.087631e+02
1643          	6.087631e+02
1644          	6.087631e+02
1645          	6.087631e+02
1646          	6.087631e+02
1647          	6.087631e+02
1648          	6.087631e+02
1649          	6.087631e+02
1650          	6.087631e+02
1651          	6.087631e+02
1652          	6.087631e+02
1653          	6.087631e+02
1654          	6.087631e+02
1655          	6.087631e+02
1656          	6.087631e+02
1657          	6.087631e+02
1658          	6.087631e+02
1659          	6.087631e+02
1660          	6.087631e+02
1661          	6.087631e+02
1662          	6.087631e+02
1663          	6.087631e+02
1664          	6.087631e+02
1665          	6.087631e+02
1666          	6.087631e+02
1667          	6.087631e+02
1668          	6.087631e+02
1669          	6.087631e+02
1670          	6.087631e+02
1671          	6.087631e+02
1672          	6.087631e+02
1673          	6.087631e+02
1674          	6.087631e+02
1675          	6.087631e+02
1676          	6.087631e+02
1677          	6.087631e+02
1678          	6.087631e+02
1679          	6.087631e+02
1680          	6.087631e+02
1681          	6.087631e+02
1682          	6.087631e+02
1683          	6.087631e+02
1684          	6.087631e+02
1685          	6.087631e+02
1686          	6.087631e+02
1687          	6.087631e+02
1688          	6.087631e+02
1689          	6.087631e+02
1690          	6.087631e+02
1691          	6.087631e+02
1692          	6.087631e+02
1693          	6.087631e+02
1694          	6.087631e+02
1695          	6.087631e+02
1696          	6.087631e+02
1697          	6.087631e+02
1698          	6.087631e+02
1699          	6.087631e+02
1700          	6.087631e+02
1701          	6.087631e+02
1702          	6.087631e+02
1703          	6.087631e+02
1704          	6.087631e+02
1705          	6.087631e+02
1706          	6.087631e+02
1707          	6.087631e+02
1708          	6.087631e+02
1709          	6.087631e+02
1710          	6.087631e+02
1711          	6.087631e+02
1712          	6.087631e+02
1713          	6.087631e+02
1714          	6.087631e+02
1715          	6.087631e+02
1716          	6.087631e+02
1717          	6.087631e+02
1718          	6.087631e+02
1719          	6.087631e+02
1720          	6.087631e+02
1721          	6.087631e+02
1722          	6.087631e+02
1723          	6.087631e+02
1724          	6.087631e+02
1725          	6.087631e+02
1726          	6.087631e+02
1727          	6.087631e+02
1728          	6.087631e+02
1729          	6.087631e+02
1730          	6.087631e+02
1731          	6.087631e+02
1732          	6.087631e+02
1733          	6.087631e+02
1734          	6.087631e+02
1735          	6.087631e+02
1736          	6.087631e+02
1737          	6.087631e+02
1738          	6.087631e+02
1739          	6.087631e+02
1740          	6.087631e+02
1741          	6.087631e+02
1742          	6.087631e+02
1743          	6.087631e+02
1744          	6.087631e+02
1745          	6.087631e+02
1746          	6.087631e+02
1747          	6.087631e+02
1748          	6.087631e+02
1749          	6.087631e+02
1750          	6.087631e+02
1751          	6.087631e+02
1752          	6.087631e+02
1753          	6.087631e+02
1754          	6.087631e+02
1755          	6.087631e+02
1756          	6.087631e+02
1757          	6.087631e+02
1758          	6.087631e+02
1759          	6.087631e+02
1760          	6.087631e+02
1761          	6.087631e+02
1762          	6.087631e+02
1763          	6.087631e+02
1764          	6.087631e+02
1765          	6.087631e+02
1766          	6.087631e+02
1767          	6.087631e+02
1768          	6.087631e+02
1769          	6.087631e+02
1770          	6.087631e+02
1771          	6.087631e+02
1772          	6.087631e+02
1773          	6.087631e+02
1774          	6.087631e+02
1775          	6.087631e+02
1776          	6.087631e+02
1777          	6.087631e+02
1778          	6.087631e+02
1779          	6.087631e+02
1780          	6.087631e+02
1781          	6.087631e+02
1782          	6.087631e+02
1783          	6.087631e+02
1784          	6.087631e+02
1785          	6.087631e+02
1786          	6.087631e+02
1787          	6.087631e+02
1788          	6.087631e+02
1789          	6.087631e+02
1790          	6.087631e+02
1791          	6.087631e+02
1792          	6.087631e+02
1793          	6.087631e+02
1794          	6.087631e+02
1795          	6.087631e+02
1796          	6.087631e+02
1797          	6.087631e+02
1798          	6.087631e+02
1799          	6.087631e+02
1800          	6.087631e+02
1801          	6.087631e+02
1802          	6.087631e+02
1803          	6.087631e+02
1804          	6.087631e+02
1805          	6.087631e+02
1806          	6.087631e+02
1807          	6.087631e+02
1808          	6.087631e+02
1809          	6.087631e+02
1810          	6.087631e+02
1811          	6.087631e+02
1812          	6.087631e+02
1813          	6.087631e+02
1814          	6.087631e+02
1815          	6.087631e+02
1816          	6.087631e+02
1817          	6.087631e+02
1818          	6.087631e+02
1819          	6.087631e+02
1820          	6.087631e+02
1821          	6.087631e+02
1822          	6.087631e+02
1823          	6.087631e+02
1824          	6.087631e+02
1825          	6.087631e+02
1826          	6.087631e+02
1827          	6.087631e+02
1828          	6.087631e+02
1829          	6.087631e+02
1830          	6.087631e+02
1831          	6.087631e+02
1832          	6.087631e+02
1833          	6.087631e+02
1834          	6.087631e+02
1835          	6.087631e+02
1836          	6.087631e+02
1837          	6.087631e+02
1838          	6.087631e+02
1839          	6.087631e+02
1840          	6.087631e+02
1841          	6.087631e+02
1842          	6.087631e+02
1843          	6.087631e+02
1844          	6.087631e+02
1845          	6.087631e+02
1846          	6.087631e+02
1847          	6.087631e+02
1848          	6.087631e+02
1849          	6.087631e+02
1850          	6.087631e+02
1851          	6.087631e+02
1852          	6.087631e+02
1853          	6.087631e+02
1854          	6.087631e+02
1855          	6.087631e+02
1856          	6.087631e+02
1857          	6.087631e+02
1858          	6.087631e+02
1859          	6.087631e+02
1860          	6.087631e+02
1861          	6.087631e+02
1862          	6.087631e+02
1863          	6.087631e+02
1864          	6.087631e+02
1865          	6.087631e+02
1866          	6.087631e+02
1867          	6.087631e+02
1868          	6.087631e+02
1869          	6.087631e+02
1870          	6.087631e+02
1871          	6.087631e+02
1872          	6.087631e+02
1873          	6.087631e+02
1874          	6.087631e+02
1875          	6.087631e+02
1876          	6.087631e+02
1877          	6.087631e+02
1878          	6.087631e+02
1879          	6.087631e+02
1880          	6.087631e+02
1881          	6.087631e+02
1882          	6.087631e+02
1883          	6.087631e+02
1884          	6.087631e+02
1885          	6.087631e+02
1886          	6.087631e+02
1887          	6.087631e+02
1888          	6.087631e+02
1889          	6.087631e+02
1890          	6.087631e+02
1891          	6.087631e+02
1892          	6.087631e+02
1893          	6.087631e+02
1894          	6.087631e+02
1895          	6.087631e+02
1896          	6.087631e+02
1897          	6.087631e+02
1898          	6.087631e+02
1899          	6.087631e+02
1900          	6.087631e+02
1901          	6.087631e+02
1902          	6.087631e+02
1903          	6.087631e+02
1904          	6.087631e+02
1905          	6.087631e+02
1906          	6.087631e+02
1907          	6.087631e+02
1908          	6.087631e+02
1909          	6.087631e+02
1910          	6.087631e+02
1911          	6.087631e+02
1912          	6.087631e+02
1913          	6.087631e+02
1914          	6.087631e+02
1915          	6.087631e+02
1916          	6.087631e+02
1917          	6.087631e+02
1918          	6.087631e+02
1919          	6.087631e+02
1920          	6.087631e+02
1921          	6.087631e+02
1922          	6.087631e+02
1923          	6.087631e+02
1924          	6.087631e+02
1925          	6.087631e+02
1926          	6.087631e+02
1927          	6.087631e+02
1928          	6.087631e+02
1929          	6.087631e+02
1930          	6.087631e+02
1931          	6.087631e+02
1932          	6.087631e+02
1933          	6.087631e+02
1934          	6.087631e+02
1935          	6.087631e+02
1936          	6.087631e+02
1937          	6.087631e+02
1938          	6.087631e+02
1939          	6.087631e+02
1940          	6.087631e+02
1941          	6.087631e+02
1942          	6.087631e+02
1943          	6.087631e+02
1944          	6.087631e+02
1945          	6.087631e+02
1946          	6.087631e+02
1947          	6.087631e+02
1948          	6.087631e+02
1949          	6.087631e+02
1950          	6.087631e+02
1951          	6.087631e+02
1952          	6.087631e+02
1953          	6.087631e+02
1954          	6.087631e+02
1955          	6.087631e+02
1956          	6.087631e+02
1957          	6.087631e+02
1958          	6.087631e+02
1959          	6.087631e+02
1960          	6.087631e+02
1961          	6.087631e+02
1962          	6.087631e+02
1963          	6.087631e+02
1964          	6.087631e+02
1965          	6.087631e+02
1966          	6.087631e+02
1967          	6.087631e+02
1968          	6.087631e+02
1969          	6.087631e+02
1970          	6.087631e+02
1971          	6.087631e+02
1972          	6.087631e+02
1973          	6.087631e+02
1974          	6.087631e+02
1975          	6.087631e+02
1976          	6.087631e+02
1977          	6.087631e+02
1978          	6.087631e+02
1979          	6.087631e+02
1980          	6.087631e+02
1981          	6.087631e+02
1982          	6.087631e+02
1983          	6.087631e+02
1984          	6.087631e+02
1985          	6.087631e+02
1986          	6.087631e+02
1987          	6.087631e+02
1988          	6.087631e+02
1989          	6.087631e+02
1990          	6.087631e+02
1991          	6.087631e+02
1992          	6.087631e+02
1993          	6.087631e+02
1994          	6.087631e+02
1995          	6.087631e+02
1996          	6.087631e+02
1997          	6.087631e+02
1998          	6.087631e+02
1999          	6.087631e+02
2000          	6.087631e+02
