# Region type : patch heater_to_fins
# Faces  :    56
# Area   :    1.000000e-04
# Time        	areaAverage(T)
0             	2.969000e+02
1             	2.969000e+02
2             	2.993052e+02
3             	3.016491e+02
4             	3.040113e+02
5             	3.063732e+02
6             	3.087263e+02
7             	3.110664e+02
8             	3.133915e+02
9             	3.157003e+02
10            	3.179923e+02
11            	3.202673e+02
12            	3.225253e+02
13            	3.247664e+02
14            	3.269909e+02
15            	3.291989e+02
16            	3.313906e+02
17            	3.335664e+02
18            	3.357263e+02
19            	3.378706e+02
20            	3.399995e+02
21            	3.421133e+02
22            	3.442121e+02
23            	3.462961e+02
24            	3.483652e+02
25            	3.504196e+02
26            	3.524593e+02
27            	3.544844e+02
28            	3.564950e+02
29            	3.584906e+02
30            	3.604708e+02
31            	3.624353e+02
32            	3.643837e+02
33            	3.663157e+02
34            	3.682312e+02
35            	3.701299e+02
36            	3.720120e+02
37            	3.738774e+02
38            	3.757261e+02
39            	3.775581e+02
40            	3.793735e+02
41            	3.811725e+02
42            	3.829552e+02
43            	3.847217e+02
44            	3.864723e+02
45            	3.882070e+02
46            	3.899259e+02
47            	3.916290e+02
48            	3.933165e+02
49            	3.949886e+02
50            	3.966454e+02
51            	3.982870e+02
52            	3.999135e+02
53            	4.015252e+02
54            	4.031221e+02
55            	4.047044e+02
56            	4.062722e+02
57            	4.078257e+02
58            	4.093650e+02
59            	4.108902e+02
60            	4.124015e+02
61            	4.138991e+02
62            	4.153830e+02
63            	4.168533e+02
64            	4.183102e+02
65            	4.197538e+02
66            	4.211841e+02
67            	4.226013e+02
68            	4.240055e+02
69            	4.253967e+02
70            	4.267752e+02
71            	4.281410e+02
72            	4.294941e+02
73            	4.308349e+02
74            	4.321632e+02
75            	4.334793e+02
76            	4.347831e+02
77            	4.360749e+02
78            	4.373546e+02
79            	4.386225e+02
80            	4.398786e+02
81            	4.411230e+02
82            	4.423558e+02
83            	4.435770e+02
84            	4.447869e+02
85            	4.459855e+02
86            	4.471728e+02
87            	4.483490e+02
88            	4.495141e+02
89            	4.506683e+02
90            	4.518116e+02
91            	4.529442e+02
92            	4.540663e+02
93            	4.551777e+02
94            	4.562788e+02
95            	4.573694e+02
96            	4.584498e+02
97            	4.595199e+02
98            	4.605799e+02
99            	4.616300e+02
100           	4.626701e+02
101           	4.637004e+02
102           	4.647209e+02
103           	4.657319e+02
104           	4.667333e+02
105           	4.677253e+02
106           	4.687080e+02
107           	4.696814e+02
108           	4.706457e+02
109           	4.716009e+02
110           	4.725472e+02
111           	4.734845e+02
112           	4.744130e+02
113           	4.753328e+02
114           	4.762439e+02
115           	4.771465e+02
116           	4.780405e+02
117           	4.789262e+02
118           	4.798036e+02
119           	4.806727e+02
120           	4.815337e+02
121           	4.823866e+02
122           	4.832315e+02
123           	4.840685e+02
124           	4.848976e+02
125           	4.857190e+02
126           	4.865326e+02
127           	4.873386e+02
128           	4.881370e+02
129           	4.889280e+02
130           	4.897116e+02
131           	4.904878e+02
132           	4.912568e+02
133           	4.920185e+02
134           	4.927731e+02
135           	4.935207e+02
136           	4.942612e+02
137           	4.949948e+02
138           	4.957215e+02
139           	4.964414e+02
140           	4.971545e+02
141           	4.978609e+02
142           	4.985606e+02
143           	4.992537e+02
144           	4.999403e+02
145           	5.006204e+02
146           	5.012941e+02
147           	5.019615e+02
148           	5.026225e+02
149           	5.032773e+02
150           	5.039260e+02
151           	5.045685e+02
152           	5.052050e+02
153           	5.058354e+02
154           	5.064599e+02
155           	5.070785e+02
156           	5.076913e+02
157           	5.082982e+02
158           	5.088994e+02
159           	5.094948e+02
160           	5.100846e+02
161           	5.106687e+02
162           	5.112473e+02
163           	5.118203e+02
164           	5.123879e+02
165           	5.129500e+02
166           	5.135067e+02
167           	5.140581e+02
168           	5.146042e+02
169           	5.151451e+02
170           	5.156808e+02
171           	5.162113e+02
172           	5.167368e+02
173           	5.172573e+02
174           	5.177727e+02
175           	5.182832e+02
176           	5.187888e+02
177           	5.192894e+02
178           	5.197852e+02
179           	5.202762e+02
180           	5.207625e+02
181           	5.212441e+02
182           	5.217211e+02
183           	5.221935e+02
184           	5.226613e+02
185           	5.231246e+02
186           	5.235835e+02
187           	5.240379e+02
188           	5.244879e+02
189           	5.249336e+02
190           	5.253750e+02
191           	5.258121e+02
192           	5.262450e+02
193           	5.266737e+02
194           	5.270982e+02
195           	5.275187e+02
196           	5.279351e+02
197           	5.283475e+02
198           	5.287559e+02
199           	5.291604e+02
200           	5.295610e+02
201           	5.299578e+02
202           	5.303507e+02
203           	5.307399e+02
204           	5.311253e+02
205           	5.315070e+02
206           	5.318851e+02
207           	5.322594e+02
208           	5.326302e+02
209           	5.329974e+02
210           	5.333610e+02
211           	5.337211e+02
212           	5.340777e+02
213           	5.344309e+02
214           	5.347807e+02
215           	5.351271e+02
216           	5.354701e+02
217           	5.358098e+02
218           	5.361463e+02
219           	5.364794e+02
220           	5.368094e+02
221           	5.371362e+02
222           	5.374598e+02
223           	5.377803e+02
224           	5.380977e+02
225           	5.384120e+02
226           	5.387233e+02
227           	5.390315e+02
228           	5.393369e+02
229           	5.396392e+02
230           	5.399387e+02
231           	5.402352e+02
232           	5.405289e+02
233           	5.408198e+02
234           	5.411079e+02
235           	5.413932e+02
236           	5.416758e+02
237           	5.419557e+02
238           	5.422328e+02
239           	5.425073e+02
240           	5.427792e+02
241           	5.430485e+02
242           	5.433152e+02
243           	5.435794e+02
244           	5.438410e+02
245           	5.441002e+02
246           	5.443568e+02
247           	5.446110e+02
248           	5.448628e+02
249           	5.451121e+02
250           	5.453591e+02
251           	5.456037e+02
252           	5.458460e+02
253           	5.460860e+02
254           	5.463237e+02
255           	5.465591e+02
256           	5.467923e+02
257           	5.470234e+02
258           	5.472522e+02
259           	5.474790e+02
260           	5.477036e+02
261           	5.479260e+02
262           	5.481464e+02
263           	5.483647e+02
264           	5.485809e+02
265           	5.487950e+02
266           	5.490071e+02
267           	5.492172e+02
268           	5.494253e+02
269           	5.496313e+02
270           	5.498354e+02
271           	5.500375e+02
272           	5.502377e+02
273           	5.504360e+02
274           	5.506323e+02
275           	5.508268e+02
276           	5.510194e+02
277           	5.512101e+02
278           	5.513991e+02
279           	5.515862e+02
280           	5.517714e+02
281           	5.519549e+02
282           	5.521367e+02
283           	5.523166e+02
284           	5.524948e+02
285           	5.526713e+02
286           	5.528461e+02
287           	5.530191e+02
288           	5.531905e+02
289           	5.533602e+02
290           	5.535283e+02
291           	5.536947e+02
292           	5.538595e+02
293           	5.540228e+02
294           	5.541844e+02
295           	5.543444e+02
296           	5.545029e+02
297           	5.546599e+02
298           	5.548153e+02
299           	5.549691e+02
300           	5.551215e+02
301           	5.552723e+02
302           	5.554217e+02
303           	5.555695e+02
304           	5.557159e+02
305           	5.558609e+02
306           	5.560044e+02
307           	5.561465e+02
308           	5.562871e+02
309           	5.564264e+02
310           	5.565642e+02
311           	5.567007e+02
312           	5.568358e+02
313           	5.569696e+02
314           	5.571020e+02
315           	5.572331e+02
316           	5.573629e+02
317           	5.574913e+02
318           	5.576185e+02
319           	5.577444e+02
320           	5.578690e+02
321           	5.579924e+02
322           	5.581145e+02
323           	5.582354e+02
324           	5.583551e+02
325           	5.584736e+02
326           	5.585909e+02
327           	5.587071e+02
328           	5.588221e+02
329           	5.589359e+02
330           	5.590486e+02
331           	5.591601e+02
332           	5.592706e+02
333           	5.593800e+02
334           	5.594882e+02
335           	5.595954e+02
336           	5.597015e+02
337           	5.598066e+02
338           	5.599106e+02
339           	5.600136e+02
340           	5.601156e+02
341           	5.602165e+02
342           	5.603165e+02
343           	5.604154e+02
344           	5.605134e+02
345           	5.606104e+02
346           	5.607065e+02
347           	5.608016e+02
348           	5.608958e+02
349           	5.609890e+02
350           	5.610813e+02
351           	5.611727e+02
352           	5.612632e+02
353           	5.613528e+02
354           	5.614415e+02
355           	5.615293e+02
356           	5.616163e+02
357           	5.617023e+02
358           	5.617876e+02
359           	5.618720e+02
360           	5.619555e+02
361           	5.620382e+02
362           	5.621201e+02
363           	5.622011e+02
364           	5.622814e+02
365           	5.623608e+02
366           	5.624395e+02
367           	5.625173e+02
368           	5.625944e+02
369           	5.626707e+02
370           	5.627462e+02
371           	5.628209e+02
372           	5.628950e+02
373           	5.629682e+02
374           	5.630408e+02
375           	5.631125e+02
376           	5.631836e+02
377           	5.632540e+02
378           	5.633236e+02
379           	5.633926e+02
380           	5.634609e+02
381           	5.635285e+02
382           	5.635954e+02
383           	5.636616e+02
384           	5.637272e+02
385           	5.637921e+02
386           	5.638564e+02
387           	5.639201e+02
388           	5.639831e+02
389           	5.640454e+02
390           	5.641072e+02
391           	5.641684e+02
392           	5.642289e+02
393           	5.642888e+02
394           	5.643482e+02
395           	5.644069e+02
396           	5.644651e+02
397           	5.645227e+02
398           	5.645797e+02
399           	5.646361e+02
400           	5.646921e+02
401           	5.647474e+02
402           	5.648022e+02
403           	5.648565e+02
404           	5.649103e+02
405           	5.649635e+02
406           	5.650162e+02
407           	5.650684e+02
408           	5.651201e+02
409           	5.651713e+02
410           	5.652220e+02
411           	5.652722e+02
412           	5.653219e+02
413           	5.653712e+02
414           	5.654200e+02
415           	5.654683e+02
416           	5.655161e+02
417           	5.655635e+02
418           	5.656105e+02
419           	5.656570e+02
420           	5.657031e+02
421           	5.657487e+02
422           	5.657940e+02
423           	5.658388e+02
424           	5.658832e+02
425           	5.659271e+02
426           	5.659707e+02
427           	5.660139e+02
428           	5.660566e+02
429           	5.660990e+02
430           	5.661409e+02
431           	5.661825e+02
432           	5.662237e+02
433           	5.662645e+02
434           	5.663050e+02
435           	5.663450e+02
436           	5.663847e+02
437           	5.664240e+02
438           	5.664630e+02
439           	5.665016e+02
440           	5.665399e+02
441           	5.665778e+02
442           	5.666153e+02
443           	5.666525e+02
444           	5.666894e+02
445           	5.667259e+02
446           	5.667621e+02
447           	5.667979e+02
448           	5.668334e+02
449           	5.668686e+02
450           	5.669034e+02
451           	5.669379e+02
452           	5.669720e+02
453           	5.670059e+02
454           	5.670394e+02
455           	5.670726e+02
456           	5.671054e+02
457           	5.671379e+02
458           	5.671701e+02
459           	5.672020e+02
460           	5.672336e+02
461           	5.672648e+02
462           	5.672958e+02
463           	5.673264e+02
464           	5.673567e+02
465           	5.673867e+02
466           	5.674164e+02
467           	5.674458e+02
468           	5.674749e+02
469           	5.675038e+02
470           	5.675323e+02
471           	5.675605e+02
472           	5.675884e+02
473           	5.676161e+02
474           	5.676435e+02
475           	5.676706e+02
476           	5.676974e+02
477           	5.677240e+02
478           	5.677503e+02
479           	5.677763e+02
480           	5.678020e+02
481           	5.678275e+02
482           	5.678528e+02
483           	5.678778e+02
484           	5.679025e+02
485           	5.679270e+02
486           	5.679512e+02
487           	5.679752e+02
488           	5.679990e+02
489           	5.680225e+02
490           	5.680458e+02
491           	5.680688e+02
492           	5.680916e+02
493           	5.681142e+02
494           	5.681365e+02
495           	5.681586e+02
496           	5.681806e+02
497           	5.682023e+02
498           	5.682238e+02
499           	5.682450e+02
500           	5.682661e+02
501           	5.682870e+02
502           	5.683076e+02
503           	5.683281e+02
504           	5.683483e+02
505           	5.683683e+02
506           	5.683882e+02
507           	5.684078e+02
508           	5.684272e+02
509           	5.684464e+02
510           	5.684655e+02
511           	5.684843e+02
512           	5.685030e+02
513           	5.685215e+02
514           	5.685398e+02
515           	5.685579e+02
516           	5.685758e+02
517           	5.685936e+02
518           	5.686112e+02
519           	5.686286e+02
520           	5.686459e+02
521           	5.686630e+02
522           	5.686799e+02
523           	5.686967e+02
524           	5.687134e+02
525           	5.687298e+02
526           	5.687462e+02
527           	5.687623e+02
528           	5.687784e+02
529           	5.687942e+02
530           	5.688099e+02
531           	5.688255e+02
532           	5.688410e+02
533           	5.688562e+02
534           	5.688714e+02
535           	5.688864e+02
536           	5.689012e+02
537           	5.689160e+02
538           	5.689305e+02
539           	5.689450e+02
540           	5.689593e+02
541           	5.689735e+02
542           	5.689875e+02
543           	5.690014e+02
544           	5.690152e+02
545           	5.690288e+02
546           	5.690423e+02
547           	5.690557e+02
548           	5.690689e+02
549           	5.690820e+02
550           	5.690950e+02
551           	5.691078e+02
552           	5.691206e+02
553           	5.691331e+02
554           	5.691456e+02
555           	5.691580e+02
556           	5.691702e+02
557           	5.691823e+02
558           	5.691943e+02
559           	5.692062e+02
560           	5.692180e+02
561           	5.692296e+02
562           	5.692412e+02
563           	5.692526e+02
564           	5.692639e+02
565           	5.692751e+02
566           	5.692862e+02
567           	5.692972e+02
568           	5.693081e+02
569           	5.693189e+02
570           	5.693295e+02
571           	5.693401e+02
572           	5.693506e+02
573           	5.693609e+02
574           	5.693712e+02
575           	5.693814e+02
576           	5.693915e+02
577           	5.694015e+02
578           	5.694114e+02
579           	5.694212e+02
580           	5.694310e+02
581           	5.694406e+02
582           	5.694502e+02
583           	5.694598e+02
584           	5.694692e+02
585           	5.694786e+02
586           	5.694879e+02
587           	5.694971e+02
588           	5.695062e+02
589           	5.695153e+02
590           	5.695242e+02
591           	5.695331e+02
592           	5.695419e+02
593           	5.695506e+02
594           	5.695593e+02
595           	5.695679e+02
596           	5.695763e+02
597           	5.695848e+02
598           	5.695931e+02
599           	5.696013e+02
600           	5.696095e+02
601           	5.696176e+02
602           	5.696257e+02
603           	5.696336e+02
604           	5.696415e+02
605           	5.696493e+02
606           	5.696571e+02
607           	5.696647e+02
608           	5.696724e+02
609           	5.696799e+02
610           	5.696874e+02
611           	5.696948e+02
612           	5.697021e+02
613           	5.697094e+02
614           	5.697167e+02
615           	5.697238e+02
616           	5.697309e+02
617           	5.697380e+02
618           	5.697450e+02
619           	5.697519e+02
620           	5.697588e+02
621           	5.697656e+02
622           	5.697724e+02
623           	5.697791e+02
624           	5.697857e+02
625           	5.697924e+02
626           	5.697989e+02
627           	5.698054e+02
628           	5.698119e+02
629           	5.698183e+02
630           	5.698246e+02
631           	5.698309e+02
632           	5.698371e+02
633           	5.698433e+02
634           	5.698495e+02
635           	5.698556e+02
636           	5.698616e+02
637           	5.698677e+02
638           	5.698736e+02
639           	5.698795e+02
640           	5.698854e+02
641           	5.698912e+02
642           	5.698970e+02
643           	5.699028e+02
644           	5.699085e+02
645           	5.699141e+02
646           	5.699198e+02
647           	5.699254e+02
648           	5.699310e+02
649           	5.699365e+02
650           	5.699420e+02
651           	5.699475e+02
652           	5.699529e+02
653           	5.699583e+02
654           	5.699637e+02
655           	5.699691e+02
656           	5.699744e+02
657           	5.699796e+02
658           	5.699849e+02
659           	5.699900e+02
660           	5.699952e+02
661           	5.700003e+02
662           	5.700054e+02
663           	5.700104e+02
664           	5.700154e+02
665           	5.700204e+02
666           	5.700253e+02
667           	5.700302e+02
668           	5.700350e+02
669           	5.700398e+02
670           	5.700444e+02
671           	5.700491e+02
672           	5.700537e+02
673           	5.700582e+02
674           	5.700626e+02
675           	5.700671e+02
676           	5.700714e+02
677           	5.700757e+02
678           	5.700799e+02
679           	5.700841e+02
680           	5.700882e+02
681           	5.700923e+02
682           	5.700963e+02
683           	5.701003e+02
684           	5.701042e+02
685           	5.701081e+02
686           	5.701119e+02
687           	5.701157e+02
688           	5.701195e+02
689           	5.701232e+02
690           	5.701269e+02
691           	5.701305e+02
692           	5.701341e+02
693           	5.701377e+02
694           	5.701412e+02
695           	5.701447e+02
696           	5.701481e+02
697           	5.701515e+02
698           	5.701549e+02
699           	5.701582e+02
700           	5.701616e+02
701           	5.701648e+02
702           	5.701681e+02
703           	5.701713e+02
704           	5.701745e+02
705           	5.701776e+02
706           	5.701807e+02
707           	5.701838e+02
708           	5.701869e+02
709           	5.701899e+02
710           	5.701928e+02
711           	5.701958e+02
712           	5.701987e+02
713           	5.702015e+02
714           	5.702044e+02
715           	5.702071e+02
716           	5.702099e+02
717           	5.702126e+02
718           	5.702153e+02
719           	5.702179e+02
720           	5.702204e+02
721           	5.702229e+02
722           	5.702253e+02
723           	5.702277e+02
724           	5.702300e+02
725           	5.702323e+02
726           	5.702345e+02
727           	5.702366e+02
728           	5.702387e+02
729           	5.702407e+02
730           	5.702426e+02
731           	5.702445e+02
732           	5.702464e+02
733           	5.702481e+02
734           	5.702499e+02
735           	5.702515e+02
736           	5.702531e+02
737           	5.702547e+02
738           	5.702562e+02
739           	5.702576e+02
740           	5.702590e+02
741           	5.702604e+02
742           	5.702616e+02
743           	5.702629e+02
744           	5.702641e+02
745           	5.702653e+02
746           	5.702664e+02
747           	5.702675e+02
748           	5.702685e+02
749           	5.702695e+02
750           	5.702705e+02
751           	5.702714e+02
752           	5.702724e+02
753           	5.702733e+02
754           	5.702741e+02
755           	5.702750e+02
756           	5.702758e+02
757           	5.702766e+02
758           	5.702774e+02
759           	5.702782e+02
760           	5.702789e+02
761           	5.702797e+02
762           	5.702804e+02
763           	5.702812e+02
764           	5.702820e+02
765           	5.702827e+02
766           	5.702835e+02
767           	5.702843e+02
768           	5.702850e+02
769           	5.702858e+02
770           	5.702865e+02
771           	5.702872e+02
772           	5.702879e+02
773           	5.702886e+02
774           	5.702892e+02
775           	5.702898e+02
776           	5.702904e+02
777           	5.702910e+02
778           	5.702916e+02
779           	5.702921e+02
780           	5.702926e+02
781           	5.702931e+02
782           	5.702936e+02
783           	5.702941e+02
784           	5.702946e+02
785           	5.702950e+02
786           	5.702955e+02
787           	5.702959e+02
788           	5.702963e+02
789           	5.702967e+02
790           	5.702971e+02
791           	5.702975e+02
792           	5.702979e+02
793           	5.702983e+02
794           	5.702986e+02
795           	5.702990e+02
796           	5.702994e+02
797           	5.702997e+02
798           	5.703001e+02
799           	5.703004e+02
800           	5.703008e+02
801           	5.703011e+02
802           	5.703014e+02
803           	5.703018e+02
804           	5.703021e+02
805           	5.703025e+02
806           	5.703029e+02
807           	5.703032e+02
808           	5.703036e+02
809           	5.703040e+02
810           	5.703043e+02
811           	5.703047e+02
812           	5.703051e+02
813           	5.703055e+02
814           	5.703059e+02
815           	5.703062e+02
816           	5.703066e+02
817           	5.703070e+02
818           	5.703074e+02
819           	5.703079e+02
820           	5.703083e+02
821           	5.703087e+02
822           	5.703091e+02
823           	5.703095e+02
824           	5.703099e+02
825           	5.703103e+02
826           	5.703108e+02
827           	5.703112e+02
828           	5.703116e+02
829           	5.703121e+02
830           	5.703125e+02
831           	5.703129e+02
832           	5.703134e+02
833           	5.703138e+02
834           	5.703142e+02
835           	5.703147e+02
836           	5.703151e+02
837           	5.703156e+02
838           	5.703160e+02
839           	5.703165e+02
840           	5.703170e+02
841           	5.703174e+02
842           	5.703179e+02
843           	5.703184e+02
844           	5.703189e+02
845           	5.703193e+02
846           	5.703198e+02
847           	5.703203e+02
848           	5.703208e+02
849           	5.703212e+02
850           	5.703217e+02
851           	5.703222e+02
852           	5.703227e+02
853           	5.703232e+02
854           	5.703237e+02
855           	5.703242e+02
856           	5.703247e+02
857           	5.703252e+02
858           	5.703257e+02
859           	5.703262e+02
860           	5.703267e+02
861           	5.703273e+02
862           	5.703278e+02
863           	5.703283e+02
864           	5.703288e+02
865           	5.703294e+02
866           	5.703299e+02
867           	5.703305e+02
868           	5.703310e+02
869           	5.703316e+02
870           	5.703322e+02
871           	5.703327e+02
872           	5.703333e+02
873           	5.703339e+02
874           	5.703345e+02
875           	5.703352e+02
876           	5.703358e+02
877           	5.703364e+02
878           	5.703371e+02
879           	5.703377e+02
880           	5.703384e+02
881           	5.703391e+02
882           	5.703398e+02
883           	5.703406e+02
884           	5.703413e+02
885           	5.703421e+02
886           	5.703428e+02
887           	5.703436e+02
888           	5.703445e+02
889           	5.703453e+02
890           	5.703462e+02
891           	5.703470e+02
892           	5.703479e+02
893           	5.703489e+02
894           	5.703498e+02
895           	5.703508e+02
896           	5.703517e+02
897           	5.703527e+02
898           	5.703537e+02
899           	5.703548e+02
900           	5.703558e+02
901           	5.703569e+02
902           	5.703579e+02
903           	5.703590e+02
904           	5.703601e+02
905           	5.703612e+02
906           	5.703624e+02
907           	5.703635e+02
908           	5.703646e+02
909           	5.703657e+02
910           	5.703669e+02
911           	5.703681e+02
912           	5.703692e+02
913           	5.703704e+02
914           	5.703716e+02
915           	5.703728e+02
916           	5.703740e+02
917           	5.703752e+02
918           	5.703764e+02
919           	5.703777e+02
920           	5.703790e+02
921           	5.703802e+02
922           	5.703815e+02
923           	5.703828e+02
924           	5.703841e+02
925           	5.703853e+02
926           	5.703866e+02
927           	5.703879e+02
928           	5.703891e+02
929           	5.703903e+02
930           	5.703916e+02
931           	5.703928e+02
932           	5.703939e+02
933           	5.703951e+02
934           	5.703962e+02
935           	5.703974e+02
936           	5.703985e+02
937           	5.703996e+02
938           	5.704006e+02
939           	5.704017e+02
940           	5.704027e+02
941           	5.704037e+02
942           	5.704047e+02
943           	5.704057e+02
944           	5.704067e+02
945           	5.704076e+02
946           	5.704085e+02
947           	5.704094e+02
948           	5.704103e+02
949           	5.704112e+02
950           	5.704121e+02
951           	5.704129e+02
952           	5.704138e+02
953           	5.704146e+02
954           	5.704154e+02
955           	5.704162e+02
956           	5.704170e+02
957           	5.704178e+02
958           	5.704186e+02
959           	5.704193e+02
960           	5.704201e+02
961           	5.704208e+02
962           	5.704216e+02
963           	5.704223e+02
964           	5.704231e+02
965           	5.704238e+02
966           	5.704245e+02
967           	5.704252e+02
968           	5.704259e+02
969           	5.704266e+02
970           	5.704273e+02
971           	5.704280e+02
972           	5.704287e+02
973           	5.704293e+02
974           	5.704300e+02
975           	5.704306e+02
976           	5.704312e+02
977           	5.704318e+02
978           	5.704324e+02
979           	5.704329e+02
980           	5.704334e+02
981           	5.704339e+02
982           	5.704343e+02
983           	5.704347e+02
984           	5.704351e+02
985           	5.704354e+02
986           	5.704357e+02
987           	5.704359e+02
988           	5.704361e+02
989           	5.704362e+02
990           	5.704363e+02
991           	5.704364e+02
992           	5.704364e+02
993           	5.704364e+02
994           	5.704364e+02
995           	5.704363e+02
996           	5.704362e+02
997           	5.704360e+02
998           	5.704359e+02
999           	5.704356e+02
1000          	5.704354e+02
1001          	5.704351e+02
1002          	5.704348e+02
1003          	5.704345e+02
1004          	5.704341e+02
1005          	5.704337e+02
1006          	5.704333e+02
1007          	5.704329e+02
1008          	5.704324e+02
1009          	5.704319e+02
1010          	5.704314e+02
1011          	5.704308e+02
1012          	5.704303e+02
1013          	5.704297e+02
1014          	5.704291e+02
1015          	5.704286e+02
1016          	5.704280e+02
1017          	5.704273e+02
1018          	5.704267e+02
1019          	5.704261e+02
1020          	5.704254e+02
1021          	5.704248e+02
1022          	5.704242e+02
1023          	5.704236e+02
1024          	5.704230e+02
1025          	5.704224e+02
1026          	5.704219e+02
1027          	5.704213e+02
1028          	5.704208e+02
1029          	5.704203e+02
1030          	5.704197e+02
1031          	5.704192e+02
1032          	5.704186e+02
1033          	5.704181e+02
1034          	5.704175e+02
1035          	5.704169e+02
1036          	5.704163e+02
1037          	5.704157e+02
1038          	5.704151e+02
1039          	5.704145e+02
1040          	5.704139e+02
1041          	5.704133e+02
1042          	5.704126e+02
1043          	5.704120e+02
1044          	5.704113e+02
1045          	5.704107e+02
1046          	5.704100e+02
1047          	5.704094e+02
1048          	5.704087e+02
1049          	5.704081e+02
1050          	5.704074e+02
1051          	5.704068e+02
1052          	5.704061e+02
1053          	5.704055e+02
1054          	5.704048e+02
1055          	5.704041e+02
1056          	5.704035e+02
1057          	5.704029e+02
1058          	5.704022e+02
1059          	5.704016e+02
1060          	5.704009e+02
1061          	5.704003e+02
1062          	5.703997e+02
1063          	5.703991e+02
1064          	5.703985e+02
1065          	5.703979e+02
1066          	5.703973e+02
1067          	5.703968e+02
1068          	5.703962e+02
1069          	5.703957e+02
1070          	5.703952e+02
1071          	5.703947e+02
1072          	5.703942e+02
1073          	5.703937e+02
1074          	5.703932e+02
1075          	5.703927e+02
1076          	5.703923e+02
1077          	5.703919e+02
1078          	5.703914e+02
1079          	5.703910e+02
1080          	5.703906e+02
1081          	5.703902e+02
1082          	5.703898e+02
1083          	5.703895e+02
1084          	5.703891e+02
1085          	5.703887e+02
1086          	5.703884e+02
1087          	5.703881e+02
1088          	5.703877e+02
1089          	5.703874e+02
1090          	5.703871e+02
1091          	5.703868e+02
1092          	5.703865e+02
1093          	5.703862e+02
1094          	5.703859e+02
1095          	5.703857e+02
1096          	5.703854e+02
1097          	5.703852e+02
1098          	5.703849e+02
1099          	5.703847e+02
1100          	5.703845e+02
1101          	5.703843e+02
1102          	5.703841e+02
1103          	5.703839e+02
1104          	5.703837e+02
1105          	5.703835e+02
1106          	5.703834e+02
1107          	5.703832e+02
1108          	5.703831e+02
1109          	5.703829e+02
1110          	5.703828e+02
1111          	5.703826e+02
1112          	5.703825e+02
1113          	5.703824e+02
1114          	5.703823e+02
1115          	5.703822e+02
1116          	5.703821e+02
1117          	5.703820e+02
1118          	5.703819e+02
1119          	5.703818e+02
1120          	5.703818e+02
1121          	5.703817e+02
1122          	5.703817e+02
1123          	5.703816e+02
1124          	5.703816e+02
1125          	5.703816e+02
1126          	5.703816e+02
1127          	5.703816e+02
1128          	5.703817e+02
1129          	5.703817e+02
1130          	5.703817e+02
1131          	5.703818e+02
1132          	5.703819e+02
1133          	5.703819e+02
1134          	5.703820e+02
1135          	5.703821e+02
1136          	5.703823e+02
1137          	5.703824e+02
1138          	5.703825e+02
1139          	5.703827e+02
1140          	5.703828e+02
1141          	5.703831e+02
1142          	5.703833e+02
1143          	5.703835e+02
1144          	5.703837e+02
1145          	5.703840e+02
1146          	5.703843e+02
1147          	5.703846e+02
1148          	5.703849e+02
1149          	5.703853e+02
1150          	5.703857e+02
1151          	5.703861e+02
1152          	5.703865e+02
1153          	5.703870e+02
1154          	5.703875e+02
1155          	5.703880e+02
1156          	5.703885e+02
1157          	5.703890e+02
1158          	5.703896e+02
1159          	5.703902e+02
1160          	5.703908e+02
1161          	5.703914e+02
1162          	5.703920e+02
1163          	5.703927e+02
1164          	5.703934e+02
1165          	5.703941e+02
1166          	5.703948e+02
1167          	5.703955e+02
1168          	5.703963e+02
1169          	5.703971e+02
1170          	5.703978e+02
1171          	5.703986e+02
1172          	5.703994e+02
1173          	5.704002e+02
1174          	5.704010e+02
1175          	5.704018e+02
1176          	5.704027e+02
1177          	5.704036e+02
1178          	5.704044e+02
1179          	5.704053e+02
1180          	5.704062e+02
1181          	5.704071e+02
1182          	5.704081e+02
1183          	5.704090e+02
1184          	5.704100e+02
1185          	5.704110e+02
1186          	5.704119e+02
1187          	5.704129e+02
1188          	5.704139e+02
1189          	5.704149e+02
1190          	5.704159e+02
1191          	5.704169e+02
1192          	5.704178e+02
1193          	5.704188e+02
1194          	5.704197e+02
1195          	5.704206e+02
1196          	5.704216e+02
1197          	5.704224e+02
1198          	5.704233e+02
1199          	5.704242e+02
1200          	5.704250e+02
1201          	5.704259e+02
1202          	5.704267e+02
1203          	5.704275e+02
1204          	5.704282e+02
1205          	5.704290e+02
1206          	5.704297e+02
1207          	5.704304e+02
1208          	5.704312e+02
1209          	5.704319e+02
1210          	5.704325e+02
1211          	5.704332e+02
1212          	5.704339e+02
1213          	5.704345e+02
1214          	5.704351e+02
1215          	5.704357e+02
1216          	5.704363e+02
1217          	5.704369e+02
1218          	5.704375e+02
1219          	5.704381e+02
1220          	5.704387e+02
1221          	5.704393e+02
1222          	5.704398e+02
1223          	5.704404e+02
1224          	5.704410e+02
1225          	5.704415e+02
1226          	5.704421e+02
1227          	5.704426e+02
1228          	5.704431e+02
1229          	5.704437e+02
1230          	5.704442e+02
1231          	5.704447e+02
1232          	5.704452e+02
1233          	5.704457e+02
1234          	5.704462e+02
1235          	5.704467e+02
1236          	5.704472e+02
1237          	5.704477e+02
1238          	5.704482e+02
1239          	5.704486e+02
1240          	5.704490e+02
1241          	5.704495e+02
1242          	5.704498e+02
1243          	5.704502e+02
1244          	5.704505e+02
1245          	5.704508e+02
1246          	5.704511e+02
1247          	5.704513e+02
1248          	5.704514e+02
1249          	5.704515e+02
1250          	5.704516e+02
1251          	5.704517e+02
1252          	5.704517e+02
1253          	5.704517e+02
1254          	5.704516e+02
1255          	5.704515e+02
1256          	5.704513e+02
1257          	5.704512e+02
1258          	5.704510e+02
1259          	5.704507e+02
1260          	5.704505e+02
1261          	5.704502e+02
1262          	5.704499e+02
1263          	5.704495e+02
1264          	5.704491e+02
1265          	5.704487e+02
1266          	5.704483e+02
1267          	5.704478e+02
1268          	5.704473e+02
1269          	5.704467e+02
1270          	5.704462e+02
1271          	5.704456e+02
1272          	5.704450e+02
1273          	5.704443e+02
1274          	5.704437e+02
1275          	5.704430e+02
1276          	5.704424e+02
1277          	5.704417e+02
1278          	5.704410e+02
1279          	5.704402e+02
1280          	5.704395e+02
1281          	5.704388e+02
1282          	5.704381e+02
1283          	5.704373e+02
1284          	5.704366e+02
1285          	5.704358e+02
1286          	5.704351e+02
1287          	5.704344e+02
1288          	5.704337e+02
1289          	5.704331e+02
1290          	5.704324e+02
1291          	5.704318e+02
1292          	5.704311e+02
1293          	5.704305e+02
1294          	5.704299e+02
1295          	5.704292e+02
1296          	5.704286e+02
1297          	5.704279e+02
1298          	5.704272e+02
1299          	5.704265e+02
1300          	5.704259e+02
1301          	5.704252e+02
1302          	5.704245e+02
1303          	5.704237e+02
1304          	5.704230e+02
1305          	5.704223e+02
1306          	5.704216e+02
1307          	5.704209e+02
1308          	5.704201e+02
1309          	5.704194e+02
1310          	5.704187e+02
1311          	5.704179e+02
1312          	5.704172e+02
1313          	5.704164e+02
1314          	5.704157e+02
1315          	5.704150e+02
1316          	5.704142e+02
1317          	5.704135e+02
1318          	5.704127e+02
1319          	5.704120e+02
1320          	5.704113e+02
1321          	5.704105e+02
1322          	5.704098e+02
1323          	5.704091e+02
1324          	5.704084e+02
1325          	5.704077e+02
1326          	5.704070e+02
1327          	5.704063e+02
1328          	5.704057e+02
1329          	5.704050e+02
1330          	5.704044e+02
1331          	5.704038e+02
1332          	5.704031e+02
1333          	5.704025e+02
1334          	5.704020e+02
1335          	5.704014e+02
1336          	5.704008e+02
1337          	5.704003e+02
1338          	5.703998e+02
1339          	5.703992e+02
1340          	5.703987e+02
1341          	5.703982e+02
1342          	5.703977e+02
1343          	5.703973e+02
1344          	5.703968e+02
1345          	5.703963e+02
1346          	5.703959e+02
1347          	5.703955e+02
1348          	5.703951e+02
1349          	5.703946e+02
1350          	5.703942e+02
1351          	5.703938e+02
1352          	5.703935e+02
1353          	5.703931e+02
1354          	5.703927e+02
1355          	5.703924e+02
1356          	5.703920e+02
1357          	5.703917e+02
1358          	5.703914e+02
1359          	5.703911e+02
1360          	5.703907e+02
1361          	5.703905e+02
1362          	5.703902e+02
1363          	5.703899e+02
1364          	5.703896e+02
1365          	5.703894e+02
1366          	5.703892e+02
1367          	5.703889e+02
1368          	5.703887e+02
1369          	5.703885e+02
1370          	5.703883e+02
1371          	5.703881e+02
1372          	5.703879e+02
1373          	5.703877e+02
1374          	5.703875e+02
1375          	5.703874e+02
1376          	5.703872e+02
1377          	5.703870e+02
1378          	5.703869e+02
1379          	5.703868e+02
1380          	5.703866e+02
1381          	5.703865e+02
1382          	5.703864e+02
1383          	5.703863e+02
1384          	5.703862e+02
1385          	5.703861e+02
1386          	5.703860e+02
1387          	5.703859e+02
1388          	5.703859e+02
1389          	5.703858e+02
1390          	5.703857e+02
1391          	5.703857e+02
1392          	5.703857e+02
1393          	5.703857e+02
1394          	5.703858e+02
1395          	5.703858e+02
1396          	5.703858e+02
1397          	5.703859e+02
1398          	5.703860e+02
1399          	5.703860e+02
1400          	5.703861e+02
1401          	5.703862e+02
1402          	5.703863e+02
1403          	5.703865e+02
1404          	5.703866e+02
1405          	5.703868e+02
1406          	5.703870e+02
1407          	5.703872e+02
1408          	5.703874e+02
1409          	5.703876e+02
1410          	5.703879e+02
1411          	5.703882e+02
1412          	5.703885e+02
1413          	5.703888e+02
1414          	5.703892e+02
1415          	5.703896e+02
1416          	5.703900e+02
1417          	5.703904e+02
1418          	5.703909e+02
1419          	5.703914e+02
1420          	5.703919e+02
1421          	5.703924e+02
1422          	5.703930e+02
1423          	5.703936e+02
1424          	5.703941e+02
1425          	5.703948e+02
1426          	5.703954e+02
1427          	5.703960e+02
1428          	5.703967e+02
1429          	5.703974e+02
1430          	5.703981e+02
1431          	5.703988e+02
1432          	5.703995e+02
1433          	5.704003e+02
1434          	5.704010e+02
1435          	5.704018e+02
1436          	5.704026e+02
1437          	5.704033e+02
1438          	5.704041e+02
1439          	5.704050e+02
1440          	5.704058e+02
1441          	5.704066e+02
1442          	5.704075e+02
1443          	5.704084e+02
1444          	5.704093e+02
1445          	5.704102e+02
1446          	5.704111e+02
1447          	5.704120e+02
1448          	5.704129e+02
1449          	5.704139e+02
1450          	5.704149e+02
1451          	5.704158e+02
1452          	5.704168e+02
1453          	5.704178e+02
1454          	5.704187e+02
1455          	5.704197e+02
1456          	5.704206e+02
1457          	5.704215e+02
1458          	5.704224e+02
1459          	5.704233e+02
1460          	5.704242e+02
1461          	5.704251e+02
1462          	5.704259e+02
1463          	5.704267e+02
1464          	5.704276e+02
1465          	5.704283e+02
1466          	5.704291e+02
1467          	5.704299e+02
1468          	5.704306e+02
1469          	5.704314e+02
1470          	5.704321e+02
1471          	5.704328e+02
1472          	5.704334e+02
1473          	5.704341e+02
1474          	5.704348e+02
1475          	5.704354e+02
1476          	5.704360e+02
1477          	5.704367e+02
1478          	5.704373e+02
1479          	5.704378e+02
1480          	5.704384e+02
1481          	5.704390e+02
1482          	5.704396e+02
1483          	5.704402e+02
1484          	5.704407e+02
1485          	5.704413e+02
1486          	5.704418e+02
1487          	5.704424e+02
1488          	5.704429e+02
1489          	5.704434e+02
1490          	5.704439e+02
1491          	5.704445e+02
1492          	5.704450e+02
1493          	5.704455e+02
1494          	5.704460e+02
1495          	5.704465e+02
1496          	5.704470e+02
1497          	5.704475e+02
1498          	5.704480e+02
1499          	5.704484e+02
1500          	5.704489e+02
1501          	5.704494e+02
1502          	5.704498e+02
1503          	5.704503e+02
1504          	5.704507e+02
1505          	5.704510e+02
1506          	5.704514e+02
1507          	5.704517e+02
1508          	5.704520e+02
1509          	5.704523e+02
1510          	5.704525e+02
1511          	5.704526e+02
1512          	5.704528e+02
1513          	5.704529e+02
1514          	5.704529e+02
1515          	5.704529e+02
1516          	5.704529e+02
1517          	5.704528e+02
1518          	5.704527e+02
1519          	5.704526e+02
1520          	5.704524e+02
1521          	5.704522e+02
1522          	5.704520e+02
1523          	5.704518e+02
1524          	5.704515e+02
1525          	5.704512e+02
1526          	5.704508e+02
1527          	5.704504e+02
1528          	5.704500e+02
1529          	5.704495e+02
1530          	5.704490e+02
1531          	5.704485e+02
1532          	5.704480e+02
1533          	5.704474e+02
1534          	5.704468e+02
1535          	5.704462e+02
1536          	5.704456e+02
1537          	5.704450e+02
1538          	5.704443e+02
1539          	5.704436e+02
1540          	5.704429e+02
1541          	5.704422e+02
1542          	5.704415e+02
1543          	5.704408e+02
1544          	5.704400e+02
1545          	5.704393e+02
1546          	5.704385e+02
1547          	5.704378e+02
1548          	5.704370e+02
1549          	5.704363e+02
1550          	5.704356e+02
1551          	5.704349e+02
1552          	5.704342e+02
1553          	5.704335e+02
1554          	5.704329e+02
1555          	5.704322e+02
1556          	5.704316e+02
1557          	5.704309e+02
1558          	5.704303e+02
1559          	5.704296e+02
1560          	5.704289e+02
1561          	5.704283e+02
1562          	5.704276e+02
1563          	5.704269e+02
1564          	5.704262e+02
1565          	5.704255e+02
1566          	5.704248e+02
1567          	5.704241e+02
1568          	5.704233e+02
1569          	5.704226e+02
1570          	5.704219e+02
1571          	5.704211e+02
1572          	5.704204e+02
1573          	5.704196e+02
1574          	5.704189e+02
1575          	5.704181e+02
1576          	5.704174e+02
1577          	5.704167e+02
1578          	5.704159e+02
1579          	5.704152e+02
1580          	5.704144e+02
1581          	5.704137e+02
1582          	5.704129e+02
1583          	5.704122e+02
1584          	5.704115e+02
1585          	5.704107e+02
1586          	5.704100e+02
1587          	5.704093e+02
1588          	5.704086e+02
1589          	5.704079e+02
1590          	5.704072e+02
1591          	5.704065e+02
1592          	5.704059e+02
1593          	5.704052e+02
1594          	5.704046e+02
1595          	5.704040e+02
1596          	5.704033e+02
1597          	5.704027e+02
1598          	5.704022e+02
1599          	5.704016e+02
1600          	5.704010e+02
1601          	5.704005e+02
1602          	5.704000e+02
1603          	5.703994e+02
1604          	5.703989e+02
1605          	5.703984e+02
1606          	5.703980e+02
1607          	5.703975e+02
1608          	5.703970e+02
1609          	5.703966e+02
1610          	5.703961e+02
1611          	5.703957e+02
1612          	5.703953e+02
1613          	5.703949e+02
1614          	5.703945e+02
1615          	5.703941e+02
1616          	5.703937e+02
1617          	5.703933e+02
1618          	5.703930e+02
1619          	5.703926e+02
1620          	5.703923e+02
1621          	5.703919e+02
1622          	5.703916e+02
1623          	5.703913e+02
1624          	5.703910e+02
1625          	5.703907e+02
1626          	5.703904e+02
1627          	5.703902e+02
1628          	5.703899e+02
1629          	5.703897e+02
1630          	5.703894e+02
1631          	5.703892e+02
1632          	5.703890e+02
1633          	5.703887e+02
1634          	5.703885e+02
1635          	5.703883e+02
1636          	5.703882e+02
1637          	5.703880e+02
1638          	5.703878e+02
1639          	5.703876e+02
1640          	5.703875e+02
1641          	5.703873e+02
1642          	5.703872e+02
1643          	5.703870e+02
1644          	5.703869e+02
1645          	5.703868e+02
1646          	5.703867e+02
1647          	5.703866e+02
1648          	5.703865e+02
1649          	5.703864e+02
1650          	5.703863e+02
1651          	5.703862e+02
1652          	5.703861e+02
1653          	5.703861e+02
1654          	5.703861e+02
1655          	5.703860e+02
1656          	5.703860e+02
1657          	5.703861e+02
1658          	5.703861e+02
1659          	5.703861e+02
1660          	5.703862e+02
1661          	5.703863e+02
1662          	5.703863e+02
1663          	5.703864e+02
1664          	5.703865e+02
1665          	5.703866e+02
1666          	5.703867e+02
1667          	5.703868e+02
1668          	5.703870e+02
1669          	5.703872e+02
1670          	5.703874e+02
1671          	5.703876e+02
1672          	5.703878e+02
1673          	5.703881e+02
1674          	5.703883e+02
1675          	5.703886e+02
1676          	5.703890e+02
1677          	5.703893e+02
1678          	5.703897e+02
1679          	5.703901e+02
1680          	5.703905e+02
1681          	5.703909e+02
1682          	5.703914e+02
1683          	5.703919e+02
1684          	5.703924e+02
1685          	5.703930e+02
1686          	5.703935e+02
1687          	5.703941e+02
1688          	5.703947e+02
1689          	5.703953e+02
1690          	5.703960e+02
1691          	5.703966e+02
1692          	5.703973e+02
1693          	5.703980e+02
1694          	5.703987e+02
1695          	5.703995e+02
1696          	5.704002e+02
1697          	5.704009e+02
1698          	5.704017e+02
1699          	5.704025e+02
1700          	5.704032e+02
1701          	5.704040e+02
1702          	5.704048e+02
1703          	5.704056e+02
1704          	5.704065e+02
1705          	5.704073e+02
1706          	5.704082e+02
1707          	5.704091e+02
1708          	5.704100e+02
1709          	5.704109e+02
1710          	5.704118e+02
1711          	5.704127e+02
1712          	5.704137e+02
1713          	5.704146e+02
1714          	5.704156e+02
1715          	5.704166e+02
1716          	5.704175e+02
1717          	5.704185e+02
1718          	5.704194e+02
1719          	5.704204e+02
1720          	5.704213e+02
1721          	5.704222e+02
1722          	5.704231e+02
1723          	5.704240e+02
1724          	5.704249e+02
1725          	5.704257e+02
1726          	5.704265e+02
1727          	5.704274e+02
1728          	5.704282e+02
1729          	5.704289e+02
1730          	5.704297e+02
1731          	5.704305e+02
1732          	5.704312e+02
1733          	5.704319e+02
1734          	5.704326e+02
1735          	5.704333e+02
1736          	5.704340e+02
1737          	5.704346e+02
1738          	5.704353e+02
1739          	5.704359e+02
1740          	5.704365e+02
1741          	5.704371e+02
1742          	5.704377e+02
1743          	5.704383e+02
1744          	5.704389e+02
1745          	5.704395e+02
1746          	5.704400e+02
1747          	5.704406e+02
1748          	5.704412e+02
1749          	5.704417e+02
1750          	5.704423e+02
1751          	5.704428e+02
1752          	5.704433e+02
1753          	5.704438e+02
1754          	5.704444e+02
1755          	5.704449e+02
1756          	5.704454e+02
1757          	5.704459e+02
1758          	5.704464e+02
1759          	5.704469e+02
1760          	5.704474e+02
1761          	5.704479e+02
1762          	5.704484e+02
1763          	5.704488e+02
1764          	5.704493e+02
1765          	5.704497e+02
1766          	5.704502e+02
1767          	5.704506e+02
1768          	5.704510e+02
1769          	5.704514e+02
1770          	5.704517e+02
1771          	5.704520e+02
1772          	5.704523e+02
1773          	5.704525e+02
1774          	5.704527e+02
1775          	5.704528e+02
1776          	5.704529e+02
1777          	5.704530e+02
1778          	5.704530e+02
1779          	5.704530e+02
1780          	5.704530e+02
1781          	5.704529e+02
1782          	5.704527e+02
1783          	5.704526e+02
1784          	5.704524e+02
1785          	5.704522e+02
1786          	5.704519e+02
1787          	5.704516e+02
1788          	5.704513e+02
1789          	5.704510e+02
1790          	5.704506e+02
1791          	5.704502e+02
1792          	5.704498e+02
1793          	5.704493e+02
1794          	5.704487e+02
1795          	5.704482e+02
1796          	5.704476e+02
1797          	5.704471e+02
1798          	5.704465e+02
1799          	5.704458e+02
1800          	5.704452e+02
1801          	5.704446e+02
1802          	5.704439e+02
1803          	5.704432e+02
1804          	5.704425e+02
1805          	5.704418e+02
1806          	5.704410e+02
1807          	5.704403e+02
1808          	5.704396e+02
1809          	5.704388e+02
1810          	5.704381e+02
1811          	5.704373e+02
1812          	5.704366e+02
1813          	5.704358e+02
1814          	5.704351e+02
1815          	5.704345e+02
1816          	5.704338e+02
1817          	5.704331e+02
1818          	5.704325e+02
1819          	5.704318e+02
1820          	5.704312e+02
1821          	5.704305e+02
1822          	5.704299e+02
1823          	5.704292e+02
1824          	5.704285e+02
1825          	5.704279e+02
1826          	5.704272e+02
1827          	5.704265e+02
1828          	5.704258e+02
1829          	5.704251e+02
1830          	5.704243e+02
1831          	5.704236e+02
1832          	5.704229e+02
1833          	5.704221e+02
1834          	5.704214e+02
1835          	5.704207e+02
1836          	5.704199e+02
1837          	5.704192e+02
1838          	5.704184e+02
1839          	5.704177e+02
1840          	5.704169e+02
1841          	5.704162e+02
1842          	5.704154e+02
1843          	5.704147e+02
1844          	5.704140e+02
1845          	5.704132e+02
1846          	5.704125e+02
1847          	5.704117e+02
1848          	5.704110e+02
1849          	5.704103e+02
1850          	5.704096e+02
1851          	5.704089e+02
1852          	5.704082e+02
1853          	5.704075e+02
1854          	5.704068e+02
1855          	5.704061e+02
1856          	5.704055e+02
1857          	5.704048e+02
1858          	5.704042e+02
1859          	5.704036e+02
1860          	5.704030e+02
1861          	5.704024e+02
1862          	5.704018e+02
1863          	5.704012e+02
1864          	5.704007e+02
1865          	5.704002e+02
1866          	5.703996e+02
1867          	5.703991e+02
1868          	5.703986e+02
1869          	5.703981e+02
1870          	5.703977e+02
1871          	5.703972e+02
1872          	5.703967e+02
1873          	5.703963e+02
1874          	5.703959e+02
1875          	5.703954e+02
1876          	5.703950e+02
1877          	5.703946e+02
1878          	5.703942e+02
1879          	5.703938e+02
1880          	5.703935e+02
1881          	5.703931e+02
1882          	5.703927e+02
1883          	5.703924e+02
1884          	5.703921e+02
1885          	5.703917e+02
1886          	5.703914e+02
1887          	5.703911e+02
1888          	5.703908e+02
1889          	5.703905e+02
1890          	5.703903e+02
1891          	5.703900e+02
1892          	5.703897e+02
1893          	5.703895e+02
1894          	5.703893e+02
1895          	5.703890e+02
1896          	5.703888e+02
1897          	5.703886e+02
1898          	5.703884e+02
1899          	5.703882e+02
1900          	5.703880e+02
1901          	5.703879e+02
1902          	5.703877e+02
1903          	5.703875e+02
1904          	5.703874e+02
1905          	5.703872e+02
1906          	5.703871e+02
1907          	5.703870e+02
1908          	5.703868e+02
1909          	5.703867e+02
1910          	5.703866e+02
1911          	5.703865e+02
1912          	5.703864e+02
1913          	5.703863e+02
1914          	5.703862e+02
1915          	5.703862e+02
1916          	5.703861e+02
1917          	5.703861e+02
1918          	5.703861e+02
1919          	5.703861e+02
1920          	5.703861e+02
1921          	5.703861e+02
1922          	5.703861e+02
1923          	5.703862e+02
1924          	5.703862e+02
1925          	5.703863e+02
1926          	5.703864e+02
1927          	5.703864e+02
1928          	5.703866e+02
1929          	5.703867e+02
1930          	5.703868e+02
1931          	5.703869e+02
1932          	5.703871e+02
1933          	5.703873e+02
1934          	5.703875e+02
1935          	5.703877e+02
1936          	5.703880e+02
1937          	5.703882e+02
1938          	5.703885e+02
1939          	5.703888e+02
1940          	5.703892e+02
1941          	5.703895e+02
1942          	5.703899e+02
1943          	5.703903e+02
1944          	5.703908e+02
1945          	5.703912e+02
1946          	5.703917e+02
1947          	5.703923e+02
1948          	5.703928e+02
1949          	5.703934e+02
1950          	5.703939e+02
1951          	5.703945e+02
1952          	5.703951e+02
1953          	5.703958e+02
1954          	5.703964e+02
1955          	5.703971e+02
1956          	5.703978e+02
1957          	5.703985e+02
1958          	5.703992e+02
1959          	5.703999e+02
1960          	5.704007e+02
1961          	5.704014e+02
1962          	5.704022e+02
1963          	5.704029e+02
1964          	5.704037e+02
1965          	5.704045e+02
1966          	5.704053e+02
1967          	5.704062e+02
1968          	5.704070e+02
1969          	5.704079e+02
1970          	5.704088e+02
1971          	5.704097e+02
1972          	5.704106e+02
1973          	5.704115e+02
1974          	5.704124e+02
1975          	5.704134e+02
1976          	5.704143e+02
1977          	5.704153e+02
1978          	5.704162e+02
1979          	5.704172e+02
1980          	5.704182e+02
1981          	5.704191e+02
1982          	5.704201e+02
1983          	5.704210e+02
1984          	5.704219e+02
1985          	5.704228e+02
1986          	5.704237e+02
1987          	5.704246e+02
1988          	5.704254e+02
1989          	5.704263e+02
1990          	5.704271e+02
1991          	5.704279e+02
1992          	5.704287e+02
1993          	5.704295e+02
1994          	5.704302e+02
1995          	5.704310e+02
1996          	5.704317e+02
1997          	5.704324e+02
1998          	5.704331e+02
1999          	5.704338e+02
2000          	5.704344e+02
