# Region      : all 
# Cells       : 2821
# Volume      : 4.097527e-06
# Time        	volAverage(T)
0             	2.969000e+02
1             	2.969000e+02
2             	2.991132e+02
3             	3.012821e+02
4             	3.034631e+02
5             	3.056328e+02
6             	3.077903e+02
7             	3.099322e+02
8             	3.120573e+02
9             	3.141652e+02
10            	3.162557e+02
11            	3.183289e+02
12            	3.203853e+02
13            	3.224253e+02
14            	3.244494e+02
15            	3.264574e+02
16            	3.284499e+02
17            	3.304269e+02
18            	3.323888e+02
19            	3.343355e+02
20            	3.362676e+02
21            	3.381855e+02
22            	3.400894e+02
23            	3.419792e+02
24            	3.438552e+02
25            	3.457175e+02
26            	3.475664e+02
27            	3.494017e+02
28            	3.512237e+02
29            	3.530323e+02
30            	3.548264e+02
31            	3.566050e+02
32            	3.583680e+02
33            	3.601150e+02
34            	3.618452e+02
35            	3.635587e+02
36            	3.652556e+02
37            	3.669359e+02
38            	3.685995e+02
39            	3.702466e+02
40            	3.718771e+02
41            	3.734912e+02
42            	3.750884e+02
43            	3.766687e+02
44            	3.782323e+02
45            	3.797794e+02
46            	3.813103e+02
47            	3.828251e+02
48            	3.843242e+02
49            	3.858078e+02
50            	3.872761e+02
51            	3.887290e+02
52            	3.901666e+02
53            	3.915894e+02
54            	3.929973e+02
55            	3.943906e+02
56            	3.957695e+02
57            	3.971341e+02
58            	3.984845e+02
59            	3.998209e+02
60            	4.011434e+02
61            	4.024523e+02
62            	4.037476e+02
63            	4.050296e+02
64            	4.062983e+02
65            	4.075540e+02
66            	4.087968e+02
67            	4.100268e+02
68            	4.112442e+02
69            	4.124490e+02
70            	4.136413e+02
71            	4.148214e+02
72            	4.159893e+02
73            	4.171451e+02
74            	4.182890e+02
75            	4.194210e+02
76            	4.205412e+02
77            	4.216497e+02
78            	4.227467e+02
79            	4.238322e+02
80            	4.249062e+02
81            	4.259690e+02
82            	4.270206e+02
83            	4.280610e+02
84            	4.290904e+02
85            	4.301088e+02
86            	4.311162e+02
87            	4.321128e+02
88            	4.330988e+02
89            	4.340742e+02
90            	4.350392e+02
91            	4.359939e+02
92            	4.369384e+02
93            	4.378727e+02
94            	4.387972e+02
95            	4.397116e+02
96            	4.406163e+02
97            	4.415113e+02
98            	4.423966e+02
99            	4.432723e+02
100           	4.441387e+02
101           	4.449958e+02
102           	4.458437e+02
103           	4.466825e+02
104           	4.475123e+02
105           	4.483332e+02
106           	4.491451e+02
107           	4.499482e+02
108           	4.507424e+02
109           	4.515279e+02
110           	4.523049e+02
111           	4.530733e+02
112           	4.538333e+02
113           	4.545849e+02
114           	4.553281e+02
115           	4.560631e+02
116           	4.567898e+02
117           	4.575084e+02
118           	4.582190e+02
119           	4.589217e+02
120           	4.596165e+02
121           	4.603036e+02
122           	4.609830e+02
123           	4.616548e+02
124           	4.623191e+02
125           	4.629760e+02
126           	4.636255e+02
127           	4.642678e+02
128           	4.649028e+02
129           	4.655308e+02
130           	4.661518e+02
131           	4.667657e+02
132           	4.673728e+02
133           	4.679731e+02
134           	4.685667e+02
135           	4.691536e+02
136           	4.697341e+02
137           	4.703079e+02
138           	4.708753e+02
139           	4.714362e+02
140           	4.719907e+02
141           	4.725390e+02
142           	4.730810e+02
143           	4.736169e+02
144           	4.741467e+02
145           	4.746704e+02
146           	4.751882e+02
147           	4.757001e+02
148           	4.762062e+02
149           	4.767065e+02
150           	4.772011e+02
151           	4.776900e+02
152           	4.781733e+02
153           	4.786510e+02
154           	4.791233e+02
155           	4.795901e+02
156           	4.800516e+02
157           	4.805076e+02
158           	4.809583e+02
159           	4.814038e+02
160           	4.818440e+02
161           	4.822792e+02
162           	4.827093e+02
163           	4.831343e+02
164           	4.835545e+02
165           	4.839698e+02
166           	4.843803e+02
167           	4.847861e+02
168           	4.851871e+02
169           	4.855835e+02
170           	4.859753e+02
171           	4.863624e+02
172           	4.867449e+02
173           	4.871229e+02
174           	4.874963e+02
175           	4.878652e+02
176           	4.882296e+02
177           	4.885897e+02
178           	4.889455e+02
179           	4.892970e+02
180           	4.896443e+02
181           	4.899873e+02
182           	4.903263e+02
183           	4.906612e+02
184           	4.909921e+02
185           	4.913191e+02
186           	4.916422e+02
187           	4.919615e+02
188           	4.922770e+02
189           	4.925888e+02
190           	4.928969e+02
191           	4.932014e+02
192           	4.935024e+02
193           	4.937998e+02
194           	4.940938e+02
195           	4.943844e+02
196           	4.946716e+02
197           	4.949555e+02
198           	4.952362e+02
199           	4.955136e+02
200           	4.957877e+02
201           	4.960587e+02
202           	4.963266e+02
203           	4.965913e+02
204           	4.968530e+02
205           	4.971117e+02
206           	4.973674e+02
207           	4.976202e+02
208           	4.978701e+02
209           	4.981171e+02
210           	4.983613e+02
211           	4.986026e+02
212           	4.988411e+02
213           	4.990769e+02
214           	4.993099e+02
215           	4.995403e+02
216           	4.997680e+02
217           	4.999931e+02
218           	5.002157e+02
219           	5.004357e+02
220           	5.006532e+02
221           	5.008683e+02
222           	5.010809e+02
223           	5.012911e+02
224           	5.014988e+02
225           	5.017042e+02
226           	5.019073e+02
227           	5.021079e+02
228           	5.023063e+02
229           	5.025024e+02
230           	5.026962e+02
231           	5.028879e+02
232           	5.030773e+02
233           	5.032646e+02
234           	5.034497e+02
235           	5.036326e+02
236           	5.038135e+02
237           	5.039922e+02
238           	5.041689e+02
239           	5.043434e+02
240           	5.045160e+02
241           	5.046865e+02
242           	5.048549e+02
243           	5.050213e+02
244           	5.051858e+02
245           	5.053483e+02
246           	5.055088e+02
247           	5.056674e+02
248           	5.058242e+02
249           	5.059790e+02
250           	5.061321e+02
251           	5.062832e+02
252           	5.064326e+02
253           	5.065802e+02
254           	5.067260e+02
255           	5.068701e+02
256           	5.070124e+02
257           	5.071531e+02
258           	5.072920e+02
259           	5.074293e+02
260           	5.075650e+02
261           	5.076990e+02
262           	5.078313e+02
263           	5.079621e+02
264           	5.080912e+02
265           	5.082189e+02
266           	5.083449e+02
267           	5.084695e+02
268           	5.085926e+02
269           	5.087142e+02
270           	5.088344e+02
271           	5.089531e+02
272           	5.090704e+02
273           	5.091863e+02
274           	5.093007e+02
275           	5.094139e+02
276           	5.095256e+02
277           	5.096360e+02
278           	5.097451e+02
279           	5.098529e+02
280           	5.099594e+02
281           	5.100646e+02
282           	5.101685e+02
283           	5.102711e+02
284           	5.103725e+02
285           	5.104726e+02
286           	5.105715e+02
287           	5.106692e+02
288           	5.107656e+02
289           	5.108608e+02
290           	5.109549e+02
291           	5.110478e+02
292           	5.111395e+02
293           	5.112301e+02
294           	5.113195e+02
295           	5.114078e+02
296           	5.114950e+02
297           	5.115810e+02
298           	5.116660e+02
299           	5.117498e+02
300           	5.118327e+02
301           	5.119144e+02
302           	5.119952e+02
303           	5.120749e+02
304           	5.121536e+02
305           	5.122314e+02
306           	5.123081e+02
307           	5.123839e+02
308           	5.124588e+02
309           	5.125328e+02
310           	5.126058e+02
311           	5.126780e+02
312           	5.127494e+02
313           	5.128200e+02
314           	5.128898e+02
315           	5.129587e+02
316           	5.130268e+02
317           	5.130941e+02
318           	5.131605e+02
319           	5.132262e+02
320           	5.132911e+02
321           	5.133553e+02
322           	5.134186e+02
323           	5.134813e+02
324           	5.135432e+02
325           	5.136044e+02
326           	5.136649e+02
327           	5.137247e+02
328           	5.137839e+02
329           	5.138423e+02
330           	5.139002e+02
331           	5.139573e+02
332           	5.140139e+02
333           	5.140698e+02
334           	5.141252e+02
335           	5.141799e+02
336           	5.142341e+02
337           	5.142877e+02
338           	5.143407e+02
339           	5.143932e+02
340           	5.144451e+02
341           	5.144964e+02
342           	5.145473e+02
343           	5.145975e+02
344           	5.146472e+02
345           	5.146964e+02
346           	5.147451e+02
347           	5.147932e+02
348           	5.148408e+02
349           	5.148880e+02
350           	5.149346e+02
351           	5.149807e+02
352           	5.150263e+02
353           	5.150715e+02
354           	5.151162e+02
355           	5.151605e+02
356           	5.152043e+02
357           	5.152476e+02
358           	5.152906e+02
359           	5.153330e+02
360           	5.153751e+02
361           	5.154167e+02
362           	5.154579e+02
363           	5.154986e+02
364           	5.155390e+02
365           	5.155789e+02
366           	5.156185e+02
367           	5.156576e+02
368           	5.156963e+02
369           	5.157346e+02
370           	5.157726e+02
371           	5.158101e+02
372           	5.158473e+02
373           	5.158841e+02
374           	5.159204e+02
375           	5.159564e+02
376           	5.159920e+02
377           	5.160272e+02
378           	5.160620e+02
379           	5.160965e+02
380           	5.161306e+02
381           	5.161642e+02
382           	5.161976e+02
383           	5.162305e+02
384           	5.162631e+02
385           	5.162953e+02
386           	5.163272e+02
387           	5.163587e+02
388           	5.163898e+02
389           	5.164207e+02
390           	5.164511e+02
391           	5.164812e+02
392           	5.165109e+02
393           	5.165402e+02
394           	5.165693e+02
395           	5.165980e+02
396           	5.166264e+02
397           	5.166544e+02
398           	5.166822e+02
399           	5.167097e+02
400           	5.167369e+02
401           	5.167638e+02
402           	5.167903e+02
403           	5.168166e+02
404           	5.168426e+02
405           	5.168683e+02
406           	5.168938e+02
407           	5.169189e+02
408           	5.169438e+02
409           	5.169683e+02
410           	5.169926e+02
411           	5.170166e+02
412           	5.170404e+02
413           	5.170639e+02
414           	5.170871e+02
415           	5.171101e+02
416           	5.171329e+02
417           	5.171553e+02
418           	5.171776e+02
419           	5.171996e+02
420           	5.172213e+02
421           	5.172428e+02
422           	5.172641e+02
423           	5.172851e+02
424           	5.173059e+02
425           	5.173265e+02
426           	5.173469e+02
427           	5.173670e+02
428           	5.173869e+02
429           	5.174066e+02
430           	5.174261e+02
431           	5.174453e+02
432           	5.174644e+02
433           	5.174832e+02
434           	5.175019e+02
435           	5.175203e+02
436           	5.175385e+02
437           	5.175566e+02
438           	5.175744e+02
439           	5.175921e+02
440           	5.176096e+02
441           	5.176268e+02
442           	5.176439e+02
443           	5.176608e+02
444           	5.176775e+02
445           	5.176940e+02
446           	5.177104e+02
447           	5.177266e+02
448           	5.177426e+02
449           	5.177584e+02
450           	5.177741e+02
451           	5.177896e+02
452           	5.178049e+02
453           	5.178201e+02
454           	5.178351e+02
455           	5.178499e+02
456           	5.178646e+02
457           	5.178791e+02
458           	5.178935e+02
459           	5.179077e+02
460           	5.179217e+02
461           	5.179356e+02
462           	5.179494e+02
463           	5.179630e+02
464           	5.179764e+02
465           	5.179897e+02
466           	5.180028e+02
467           	5.180158e+02
468           	5.180286e+02
469           	5.180413e+02
470           	5.180539e+02
471           	5.180663e+02
472           	5.180785e+02
473           	5.180906e+02
474           	5.181026e+02
475           	5.181144e+02
476           	5.181261e+02
477           	5.181377e+02
478           	5.181491e+02
479           	5.181604e+02
480           	5.181716e+02
481           	5.181826e+02
482           	5.181935e+02
483           	5.182043e+02
484           	5.182149e+02
485           	5.182255e+02
486           	5.182359e+02
487           	5.182461e+02
488           	5.182563e+02
489           	5.182663e+02
490           	5.182763e+02
491           	5.182861e+02
492           	5.182958e+02
493           	5.183053e+02
494           	5.183148e+02
495           	5.183242e+02
496           	5.183334e+02
497           	5.183426e+02
498           	5.183516e+02
499           	5.183606e+02
500           	5.183694e+02
501           	5.183782e+02
502           	5.183868e+02
503           	5.183954e+02
504           	5.184038e+02
505           	5.184122e+02
506           	5.184204e+02
507           	5.184286e+02
508           	5.184367e+02
509           	5.184447e+02
510           	5.184526e+02
511           	5.184604e+02
512           	5.184681e+02
513           	5.184758e+02
514           	5.184834e+02
515           	5.184909e+02
516           	5.184983e+02
517           	5.185056e+02
518           	5.185129e+02
519           	5.185201e+02
520           	5.185272e+02
521           	5.185343e+02
522           	5.185413e+02
523           	5.185482e+02
524           	5.185550e+02
525           	5.185618e+02
526           	5.185685e+02
527           	5.185752e+02
528           	5.185818e+02
529           	5.185883e+02
530           	5.185947e+02
531           	5.186011e+02
532           	5.186074e+02
533           	5.186137e+02
534           	5.186199e+02
535           	5.186260e+02
536           	5.186321e+02
537           	5.186381e+02
538           	5.186441e+02
539           	5.186500e+02
540           	5.186559e+02
541           	5.186616e+02
542           	5.186674e+02
543           	5.186731e+02
544           	5.186787e+02
545           	5.186843e+02
546           	5.186898e+02
547           	5.186953e+02
548           	5.187008e+02
549           	5.187062e+02
550           	5.187115e+02
551           	5.187168e+02
552           	5.187220e+02
553           	5.187272e+02
554           	5.187324e+02
555           	5.187375e+02
556           	5.187425e+02
557           	5.187476e+02
558           	5.187525e+02
559           	5.187575e+02
560           	5.187623e+02
561           	5.187672e+02
562           	5.187720e+02
563           	5.187767e+02
564           	5.187814e+02
565           	5.187861e+02
566           	5.187907e+02
567           	5.187953e+02
568           	5.187999e+02
569           	5.188044e+02
570           	5.188088e+02
571           	5.188133e+02
572           	5.188177e+02
573           	5.188220e+02
574           	5.188263e+02
575           	5.188306e+02
576           	5.188348e+02
577           	5.188390e+02
578           	5.188431e+02
579           	5.188472e+02
580           	5.188513e+02
581           	5.188553e+02
582           	5.188593e+02
583           	5.188633e+02
584           	5.188672e+02
585           	5.188711e+02
586           	5.188749e+02
587           	5.188787e+02
588           	5.188824e+02
589           	5.188862e+02
590           	5.188898e+02
591           	5.188935e+02
592           	5.188971e+02
593           	5.189006e+02
594           	5.189042e+02
595           	5.189077e+02
596           	5.189111e+02
597           	5.189145e+02
598           	5.189179e+02
599           	5.189212e+02
600           	5.189245e+02
601           	5.189278e+02
602           	5.189310e+02
603           	5.189342e+02
604           	5.189374e+02
605           	5.189405e+02
606           	5.189436e+02
607           	5.189466e+02
608           	5.189497e+02
609           	5.189526e+02
610           	5.189556e+02
611           	5.189585e+02
612           	5.189614e+02
613           	5.189642e+02
614           	5.189670e+02
615           	5.189698e+02
616           	5.189725e+02
617           	5.189753e+02
618           	5.189779e+02
619           	5.189806e+02
620           	5.189832e+02
621           	5.189858e+02
622           	5.189884e+02
623           	5.189909e+02
624           	5.189934e+02
625           	5.189958e+02
626           	5.189983e+02
627           	5.190007e+02
628           	5.190031e+02
629           	5.190054e+02
630           	5.190077e+02
631           	5.190100e+02
632           	5.190123e+02
633           	5.190145e+02
634           	5.190168e+02
635           	5.190189e+02
636           	5.190211e+02
637           	5.190232e+02
638           	5.190253e+02
639           	5.190274e+02
640           	5.190295e+02
641           	5.190315e+02
642           	5.190335e+02
643           	5.190355e+02
644           	5.190375e+02
645           	5.190394e+02
646           	5.190413e+02
647           	5.190432e+02
648           	5.190451e+02
649           	5.190470e+02
650           	5.190488e+02
651           	5.190506e+02
652           	5.190524e+02
653           	5.190541e+02
654           	5.190559e+02
655           	5.190576e+02
656           	5.190593e+02
657           	5.190610e+02
658           	5.190627e+02
659           	5.190643e+02
660           	5.190659e+02
661           	5.190675e+02
662           	5.190691e+02
663           	5.190707e+02
664           	5.190722e+02
665           	5.190738e+02
666           	5.190753e+02
667           	5.190768e+02
668           	5.190782e+02
669           	5.190797e+02
670           	5.190812e+02
671           	5.190826e+02
672           	5.190840e+02
673           	5.190854e+02
674           	5.190868e+02
675           	5.190882e+02
676           	5.190895e+02
677           	5.190909e+02
678           	5.190922e+02
679           	5.190935e+02
680           	5.190948e+02
681           	5.190961e+02
682           	5.190974e+02
683           	5.190987e+02
684           	5.190999e+02
685           	5.191012e+02
686           	5.191024e+02
687           	5.191037e+02
688           	5.191049e+02
689           	5.191061e+02
690           	5.191073e+02
691           	5.191085e+02
692           	5.191097e+02
693           	5.191108e+02
694           	5.191120e+02
695           	5.191132e+02
696           	5.191143e+02
697           	5.191154e+02
698           	5.191166e+02
699           	5.191177e+02
700           	5.191188e+02
701           	5.191199e+02
702           	5.191210e+02
703           	5.191221e+02
704           	5.191232e+02
705           	5.191242e+02
706           	5.191253e+02
707           	5.191263e+02
708           	5.191274e+02
709           	5.191284e+02
710           	5.191295e+02
711           	5.191305e+02
712           	5.191315e+02
713           	5.191325e+02
714           	5.191335e+02
715           	5.191345e+02
716           	5.191355e+02
717           	5.191365e+02
718           	5.191374e+02
719           	5.191384e+02
720           	5.191393e+02
721           	5.191403e+02
722           	5.191412e+02
723           	5.191421e+02
724           	5.191431e+02
725           	5.191440e+02
726           	5.191449e+02
727           	5.191458e+02
728           	5.191467e+02
729           	5.191475e+02
730           	5.191484e+02
731           	5.191493e+02
732           	5.191501e+02
733           	5.191510e+02
734           	5.191518e+02
735           	5.191527e+02
736           	5.191535e+02
737           	5.191543e+02
738           	5.191551e+02
739           	5.191559e+02
740           	5.191567e+02
741           	5.191575e+02
742           	5.191583e+02
743           	5.191591e+02
744           	5.191598e+02
745           	5.191606e+02
746           	5.191613e+02
747           	5.191621e+02
748           	5.191628e+02
749           	5.191635e+02
750           	5.191642e+02
751           	5.191649e+02
752           	5.191656e+02
753           	5.191663e+02
754           	5.191670e+02
755           	5.191677e+02
756           	5.191683e+02
757           	5.191690e+02
758           	5.191696e+02
759           	5.191703e+02
760           	5.191709e+02
761           	5.191715e+02
762           	5.191722e+02
763           	5.191728e+02
764           	5.191734e+02
765           	5.191740e+02
766           	5.191745e+02
767           	5.191751e+02
768           	5.191757e+02
769           	5.191763e+02
770           	5.191768e+02
771           	5.191774e+02
772           	5.191779e+02
773           	5.191785e+02
774           	5.191790e+02
775           	5.191795e+02
776           	5.191800e+02
777           	5.191806e+02
778           	5.191811e+02
779           	5.191816e+02
780           	5.191821e+02
781           	5.191826e+02
782           	5.191830e+02
783           	5.191835e+02
784           	5.191840e+02
785           	5.191845e+02
786           	5.191849e+02
787           	5.191854e+02
788           	5.191859e+02
789           	5.191863e+02
790           	5.191868e+02
791           	5.191872e+02
792           	5.191876e+02
793           	5.191881e+02
794           	5.191885e+02
795           	5.191890e+02
796           	5.191894e+02
797           	5.191898e+02
798           	5.191902e+02
799           	5.191907e+02
800           	5.191911e+02
801           	5.191915e+02
802           	5.191919e+02
803           	5.191923e+02
804           	5.191926e+02
805           	5.191930e+02
806           	5.191934e+02
807           	5.191938e+02
808           	5.191941e+02
809           	5.191945e+02
810           	5.191949e+02
811           	5.191952e+02
812           	5.191956e+02
813           	5.191959e+02
814           	5.191963e+02
815           	5.191966e+02
816           	5.191970e+02
817           	5.191973e+02
818           	5.191977e+02
819           	5.191980e+02
820           	5.191984e+02
821           	5.191987e+02
822           	5.191990e+02
823           	5.191994e+02
824           	5.191997e+02
825           	5.192001e+02
826           	5.192004e+02
827           	5.192007e+02
828           	5.192011e+02
829           	5.192014e+02
830           	5.192018e+02
831           	5.192021e+02
832           	5.192024e+02
833           	5.192028e+02
834           	5.192031e+02
835           	5.192035e+02
836           	5.192038e+02
837           	5.192042e+02
838           	5.192045e+02
839           	5.192048e+02
840           	5.192052e+02
841           	5.192055e+02
842           	5.192059e+02
843           	5.192062e+02
844           	5.192066e+02
845           	5.192069e+02
846           	5.192073e+02
847           	5.192076e+02
848           	5.192080e+02
849           	5.192083e+02
850           	5.192087e+02
851           	5.192091e+02
852           	5.192094e+02
853           	5.192098e+02
854           	5.192101e+02
855           	5.192105e+02
856           	5.192108e+02
857           	5.192112e+02
858           	5.192115e+02
859           	5.192119e+02
860           	5.192123e+02
861           	5.192126e+02
862           	5.192130e+02
863           	5.192133e+02
864           	5.192137e+02
865           	5.192140e+02
866           	5.192143e+02
867           	5.192147e+02
868           	5.192150e+02
869           	5.192154e+02
870           	5.192157e+02
871           	5.192161e+02
872           	5.192164e+02
873           	5.192167e+02
874           	5.192170e+02
875           	5.192174e+02
876           	5.192177e+02
877           	5.192180e+02
878           	5.192183e+02
879           	5.192186e+02
880           	5.192189e+02
881           	5.192192e+02
882           	5.192195e+02
883           	5.192198e+02
884           	5.192201e+02
885           	5.192204e+02
886           	5.192207e+02
887           	5.192210e+02
888           	5.192212e+02
889           	5.192215e+02
890           	5.192218e+02
891           	5.192221e+02
892           	5.192223e+02
893           	5.192226e+02
894           	5.192229e+02
895           	5.192231e+02
896           	5.192234e+02
897           	5.192236e+02
898           	5.192239e+02
899           	5.192241e+02
900           	5.192244e+02
901           	5.192246e+02
902           	5.192249e+02
903           	5.192251e+02
904           	5.192253e+02
905           	5.192256e+02
906           	5.192258e+02
907           	5.192260e+02
908           	5.192263e+02
909           	5.192265e+02
910           	5.192267e+02
911           	5.192269e+02
912           	5.192272e+02
913           	5.192274e+02
914           	5.192276e+02
915           	5.192278e+02
916           	5.192280e+02
917           	5.192282e+02
918           	5.192284e+02
919           	5.192287e+02
920           	5.192289e+02
921           	5.192291e+02
922           	5.192293e+02
923           	5.192295e+02
924           	5.192297e+02
925           	5.192299e+02
926           	5.192301e+02
927           	5.192303e+02
928           	5.192305e+02
929           	5.192307e+02
930           	5.192309e+02
931           	5.192311e+02
932           	5.192312e+02
933           	5.192314e+02
934           	5.192316e+02
935           	5.192318e+02
936           	5.192320e+02
937           	5.192322e+02
938           	5.192324e+02
939           	5.192326e+02
940           	5.192328e+02
941           	5.192330e+02
942           	5.192331e+02
943           	5.192333e+02
944           	5.192335e+02
945           	5.192337e+02
946           	5.192339e+02
947           	5.192341e+02
948           	5.192342e+02
949           	5.192344e+02
950           	5.192346e+02
951           	5.192348e+02
952           	5.192350e+02
953           	5.192351e+02
954           	5.192353e+02
955           	5.192355e+02
956           	5.192357e+02
957           	5.192359e+02
958           	5.192360e+02
959           	5.192362e+02
960           	5.192364e+02
961           	5.192366e+02
962           	5.192367e+02
963           	5.192369e+02
964           	5.192371e+02
965           	5.192373e+02
966           	5.192374e+02
967           	5.192376e+02
968           	5.192378e+02
969           	5.192380e+02
970           	5.192381e+02
971           	5.192383e+02
972           	5.192385e+02
973           	5.192386e+02
974           	5.192388e+02
975           	5.192390e+02
976           	5.192392e+02
977           	5.192393e+02
978           	5.192395e+02
979           	5.192397e+02
980           	5.192398e+02
981           	5.192400e+02
982           	5.192402e+02
983           	5.192403e+02
984           	5.192405e+02
985           	5.192407e+02
986           	5.192408e+02
987           	5.192410e+02
988           	5.192412e+02
989           	5.192413e+02
990           	5.192415e+02
991           	5.192417e+02
992           	5.192418e+02
993           	5.192420e+02
994           	5.192422e+02
995           	5.192423e+02
996           	5.192425e+02
997           	5.192427e+02
998           	5.192428e+02
999           	5.192430e+02
1000          	5.192432e+02
1001          	5.192433e+02
1002          	5.192435e+02
1003          	5.192437e+02
1004          	5.192438e+02
1005          	5.192440e+02
1006          	5.192442e+02
1007          	5.192443e+02
1008          	5.192445e+02
1009          	5.192447e+02
1010          	5.192448e+02
1011          	5.192450e+02
1012          	5.192452e+02
1013          	5.192453e+02
1014          	5.192455e+02
1015          	5.192457e+02
1016          	5.192458e+02
1017          	5.192460e+02
1018          	5.192462e+02
1019          	5.192463e+02
1020          	5.192465e+02
1021          	5.192467e+02
1022          	5.192468e+02
1023          	5.192470e+02
1024          	5.192472e+02
1025          	5.192473e+02
1026          	5.192475e+02
1027          	5.192477e+02
1028          	5.192478e+02
1029          	5.192480e+02
1030          	5.192482e+02
1031          	5.192483e+02
1032          	5.192485e+02
1033          	5.192487e+02
1034          	5.192488e+02
1035          	5.192490e+02
1036          	5.192492e+02
1037          	5.192493e+02
1038          	5.192495e+02
1039          	5.192497e+02
1040          	5.192499e+02
1041          	5.192500e+02
1042          	5.192502e+02
1043          	5.192504e+02
1044          	5.192505e+02
1045          	5.192507e+02
1046          	5.192509e+02
1047          	5.192510e+02
1048          	5.192512e+02
1049          	5.192514e+02
1050          	5.192516e+02
1051          	5.192517e+02
1052          	5.192519e+02
1053          	5.192521e+02
1054          	5.192522e+02
1055          	5.192524e+02
1056          	5.192526e+02
1057          	5.192528e+02
1058          	5.192529e+02
1059          	5.192531e+02
1060          	5.192533e+02
1061          	5.192534e+02
1062          	5.192536e+02
1063          	5.192538e+02
1064          	5.192540e+02
1065          	5.192541e+02
1066          	5.192543e+02
1067          	5.192545e+02
1068          	5.192546e+02
1069          	5.192548e+02
1070          	5.192550e+02
1071          	5.192552e+02
1072          	5.192553e+02
1073          	5.192555e+02
1074          	5.192557e+02
1075          	5.192558e+02
1076          	5.192560e+02
1077          	5.192562e+02
1078          	5.192564e+02
1079          	5.192565e+02
1080          	5.192567e+02
1081          	5.192569e+02
1082          	5.192570e+02
1083          	5.192572e+02
1084          	5.192574e+02
1085          	5.192576e+02
1086          	5.192577e+02
1087          	5.192579e+02
1088          	5.192581e+02
1089          	5.192582e+02
1090          	5.192584e+02
1091          	5.192586e+02
1092          	5.192588e+02
1093          	5.192589e+02
1094          	5.192591e+02
1095          	5.192593e+02
1096          	5.192594e+02
1097          	5.192596e+02
1098          	5.192598e+02
1099          	5.192600e+02
1100          	5.192601e+02
1101          	5.192603e+02
1102          	5.192605e+02
1103          	5.192606e+02
1104          	5.192608e+02
1105          	5.192610e+02
1106          	5.192611e+02
1107          	5.192613e+02
1108          	5.192615e+02
1109          	5.192616e+02
1110          	5.192618e+02
1111          	5.192620e+02
1112          	5.192621e+02
1113          	5.192623e+02
1114          	5.192625e+02
1115          	5.192626e+02
1116          	5.192628e+02
1117          	5.192629e+02
1118          	5.192631e+02
1119          	5.192633e+02
1120          	5.192634e+02
1121          	5.192636e+02
1122          	5.192638e+02
1123          	5.192639e+02
1124          	5.192641e+02
1125          	5.192643e+02
1126          	5.192644e+02
1127          	5.192646e+02
1128          	5.192647e+02
1129          	5.192649e+02
1130          	5.192651e+02
1131          	5.192652e+02
1132          	5.192654e+02
1133          	5.192656e+02
1134          	5.192657e+02
1135          	5.192659e+02
1136          	5.192661e+02
1137          	5.192662e+02
1138          	5.192664e+02
1139          	5.192666e+02
1140          	5.192667e+02
1141          	5.192669e+02
1142          	5.192671e+02
1143          	5.192672e+02
1144          	5.192674e+02
1145          	5.192676e+02
1146          	5.192678e+02
1147          	5.192679e+02
1148          	5.192681e+02
1149          	5.192683e+02
1150          	5.192685e+02
1151          	5.192687e+02
1152          	5.192688e+02
1153          	5.192690e+02
1154          	5.192692e+02
1155          	5.192694e+02
1156          	5.192696e+02
1157          	5.192698e+02
1158          	5.192700e+02
1159          	5.192702e+02
1160          	5.192704e+02
1161          	5.192706e+02
1162          	5.192708e+02
1163          	5.192710e+02
1164          	5.192712e+02
1165          	5.192714e+02
1166          	5.192716e+02
1167          	5.192718e+02
1168          	5.192720e+02
1169          	5.192723e+02
1170          	5.192725e+02
1171          	5.192727e+02
1172          	5.192729e+02
1173          	5.192732e+02
1174          	5.192734e+02
1175          	5.192736e+02
1176          	5.192739e+02
1177          	5.192741e+02
1178          	5.192743e+02
1179          	5.192746e+02
1180          	5.192748e+02
1181          	5.192750e+02
1182          	5.192753e+02
1183          	5.192755e+02
1184          	5.192758e+02
1185          	5.192760e+02
1186          	5.192762e+02
1187          	5.192765e+02
1188          	5.192767e+02
1189          	5.192770e+02
1190          	5.192772e+02
1191          	5.192774e+02
1192          	5.192777e+02
1193          	5.192779e+02
1194          	5.192782e+02
1195          	5.192784e+02
1196          	5.192786e+02
1197          	5.192789e+02
1198          	5.192791e+02
1199          	5.192794e+02
1200          	5.192796e+02
1201          	5.192798e+02
1202          	5.192801e+02
1203          	5.192803e+02
1204          	5.192806e+02
1205          	5.192808e+02
1206          	5.192810e+02
1207          	5.192813e+02
1208          	5.192815e+02
1209          	5.192817e+02
1210          	5.192820e+02
1211          	5.192822e+02
1212          	5.192824e+02
1213          	5.192827e+02
1214          	5.192829e+02
1215          	5.192831e+02
1216          	5.192834e+02
1217          	5.192836e+02
1218          	5.192838e+02
1219          	5.192841e+02
1220          	5.192843e+02
1221          	5.192845e+02
1222          	5.192847e+02
1223          	5.192850e+02
1224          	5.192852e+02
1225          	5.192854e+02
1226          	5.192856e+02
1227          	5.192859e+02
1228          	5.192861e+02
1229          	5.192863e+02
1230          	5.192865e+02
1231          	5.192868e+02
1232          	5.192870e+02
1233          	5.192872e+02
1234          	5.192874e+02
1235          	5.192876e+02
1236          	5.192879e+02
1237          	5.192881e+02
1238          	5.192883e+02
1239          	5.192885e+02
1240          	5.192887e+02
1241          	5.192889e+02
1242          	5.192892e+02
1243          	5.192894e+02
1244          	5.192896e+02
1245          	5.192898e+02
1246          	5.192900e+02
1247          	5.192902e+02
1248          	5.192904e+02
1249          	5.192907e+02
1250          	5.192909e+02
1251          	5.192911e+02
1252          	5.192913e+02
1253          	5.192915e+02
1254          	5.192917e+02
1255          	5.192919e+02
1256          	5.192922e+02
1257          	5.192924e+02
1258          	5.192926e+02
1259          	5.192928e+02
1260          	5.192930e+02
1261          	5.192932e+02
1262          	5.192934e+02
1263          	5.192936e+02
1264          	5.192938e+02
1265          	5.192941e+02
1266          	5.192943e+02
1267          	5.192945e+02
1268          	5.192947e+02
1269          	5.192949e+02
1270          	5.192951e+02
1271          	5.192953e+02
1272          	5.192955e+02
1273          	5.192957e+02
1274          	5.192959e+02
1275          	5.192961e+02
1276          	5.192963e+02
1277          	5.192965e+02
1278          	5.192967e+02
1279          	5.192969e+02
1280          	5.192971e+02
1281          	5.192973e+02
1282          	5.192975e+02
1283          	5.192976e+02
1284          	5.192978e+02
1285          	5.192980e+02
1286          	5.192982e+02
1287          	5.192984e+02
1288          	5.192986e+02
1289          	5.192988e+02
1290          	5.192989e+02
1291          	5.192991e+02
1292          	5.192993e+02
1293          	5.192995e+02
1294          	5.192996e+02
1295          	5.192998e+02
1296          	5.193000e+02
1297          	5.193002e+02
1298          	5.193003e+02
1299          	5.193005e+02
1300          	5.193007e+02
1301          	5.193008e+02
1302          	5.193010e+02
1303          	5.193012e+02
1304          	5.193013e+02
1305          	5.193015e+02
1306          	5.193016e+02
1307          	5.193018e+02
1308          	5.193020e+02
1309          	5.193021e+02
1310          	5.193023e+02
1311          	5.193024e+02
1312          	5.193026e+02
1313          	5.193027e+02
1314          	5.193029e+02
1315          	5.193030e+02
1316          	5.193032e+02
1317          	5.193033e+02
1318          	5.193035e+02
1319          	5.193036e+02
1320          	5.193038e+02
1321          	5.193039e+02
1322          	5.193040e+02
1323          	5.193042e+02
1324          	5.193043e+02
1325          	5.193045e+02
1326          	5.193046e+02
1327          	5.193047e+02
1328          	5.193049e+02
1329          	5.193050e+02
1330          	5.193052e+02
1331          	5.193053e+02
1332          	5.193054e+02
1333          	5.193056e+02
1334          	5.193057e+02
1335          	5.193058e+02
1336          	5.193060e+02
1337          	5.193061e+02
1338          	5.193062e+02
1339          	5.193064e+02
1340          	5.193065e+02
1341          	5.193066e+02
1342          	5.193068e+02
1343          	5.193069e+02
1344          	5.193070e+02
1345          	5.193071e+02
1346          	5.193073e+02
1347          	5.193074e+02
1348          	5.193075e+02
1349          	5.193077e+02
1350          	5.193078e+02
1351          	5.193079e+02
1352          	5.193080e+02
1353          	5.193082e+02
1354          	5.193083e+02
1355          	5.193084e+02
1356          	5.193085e+02
1357          	5.193087e+02
1358          	5.193088e+02
1359          	5.193089e+02
1360          	5.193090e+02
1361          	5.193092e+02
1362          	5.193093e+02
1363          	5.193094e+02
1364          	5.193095e+02
1365          	5.193097e+02
1366          	5.193098e+02
1367          	5.193099e+02
1368          	5.193100e+02
1369          	5.193102e+02
1370          	5.193103e+02
1371          	5.193104e+02
1372          	5.193105e+02
1373          	5.193106e+02
1374          	5.193108e+02
1375          	5.193109e+02
1376          	5.193110e+02
1377          	5.193111e+02
1378          	5.193112e+02
1379          	5.193114e+02
1380          	5.193115e+02
1381          	5.193116e+02
1382          	5.193117e+02
1383          	5.193118e+02
1384          	5.193120e+02
1385          	5.193121e+02
1386          	5.193122e+02
1387          	5.193123e+02
1388          	5.193124e+02
1389          	5.193125e+02
1390          	5.193127e+02
1391          	5.193128e+02
1392          	5.193129e+02
1393          	5.193130e+02
1394          	5.193131e+02
1395          	5.193132e+02
1396          	5.193133e+02
1397          	5.193135e+02
1398          	5.193136e+02
1399          	5.193137e+02
1400          	5.193138e+02
1401          	5.193139e+02
1402          	5.193140e+02
1403          	5.193141e+02
1404          	5.193142e+02
1405          	5.193143e+02
1406          	5.193145e+02
1407          	5.193146e+02
1408          	5.193147e+02
1409          	5.193148e+02
1410          	5.193149e+02
1411          	5.193150e+02
1412          	5.193151e+02
1413          	5.193152e+02
1414          	5.193153e+02
1415          	5.193154e+02
1416          	5.193155e+02
1417          	5.193156e+02
1418          	5.193157e+02
1419          	5.193158e+02
1420          	5.193159e+02
1421          	5.193160e+02
1422          	5.193161e+02
1423          	5.193162e+02
1424          	5.193163e+02
1425          	5.193164e+02
1426          	5.193165e+02
1427          	5.193166e+02
1428          	5.193167e+02
1429          	5.193168e+02
1430          	5.193169e+02
1431          	5.193170e+02
1432          	5.193171e+02
1433          	5.193172e+02
1434          	5.193173e+02
1435          	5.193174e+02
1436          	5.193175e+02
1437          	5.193176e+02
1438          	5.193177e+02
1439          	5.193178e+02
1440          	5.193179e+02
1441          	5.193180e+02
1442          	5.193180e+02
1443          	5.193181e+02
1444          	5.193182e+02
1445          	5.193183e+02
1446          	5.193184e+02
1447          	5.193185e+02
1448          	5.193186e+02
1449          	5.193187e+02
1450          	5.193187e+02
1451          	5.193188e+02
1452          	5.193189e+02
1453          	5.193190e+02
1454          	5.193191e+02
1455          	5.193192e+02
1456          	5.193192e+02
1457          	5.193193e+02
1458          	5.193194e+02
1459          	5.193195e+02
1460          	5.193196e+02
1461          	5.193196e+02
1462          	5.193197e+02
1463          	5.193198e+02
1464          	5.193199e+02
1465          	5.193200e+02
1466          	5.193200e+02
1467          	5.193201e+02
1468          	5.193202e+02
1469          	5.193203e+02
1470          	5.193203e+02
1471          	5.193204e+02
1472          	5.193205e+02
1473          	5.193205e+02
1474          	5.193206e+02
1475          	5.193207e+02
1476          	5.193208e+02
1477          	5.193208e+02
1478          	5.193209e+02
1479          	5.193210e+02
1480          	5.193210e+02
1481          	5.193211e+02
1482          	5.193212e+02
1483          	5.193212e+02
1484          	5.193213e+02
1485          	5.193213e+02
1486          	5.193214e+02
1487          	5.193215e+02
1488          	5.193215e+02
1489          	5.193216e+02
1490          	5.193216e+02
1491          	5.193217e+02
1492          	5.193218e+02
1493          	5.193218e+02
1494          	5.193219e+02
1495          	5.193219e+02
1496          	5.193220e+02
1497          	5.193220e+02
1498          	5.193221e+02
1499          	5.193222e+02
1500          	5.193222e+02
1501          	5.193223e+02
1502          	5.193223e+02
1503          	5.193224e+02
1504          	5.193224e+02
1505          	5.193225e+02
1506          	5.193225e+02
1507          	5.193226e+02
1508          	5.193226e+02
1509          	5.193227e+02
1510          	5.193227e+02
1511          	5.193228e+02
1512          	5.193228e+02
1513          	5.193229e+02
1514          	5.193229e+02
1515          	5.193229e+02
1516          	5.193230e+02
1517          	5.193230e+02
1518          	5.193231e+02
1519          	5.193231e+02
1520          	5.193232e+02
1521          	5.193232e+02
1522          	5.193232e+02
1523          	5.193233e+02
1524          	5.193233e+02
1525          	5.193234e+02
1526          	5.193234e+02
1527          	5.193234e+02
1528          	5.193235e+02
1529          	5.193235e+02
1530          	5.193236e+02
1531          	5.193236e+02
1532          	5.193236e+02
1533          	5.193237e+02
1534          	5.193237e+02
1535          	5.193237e+02
1536          	5.193238e+02
1537          	5.193238e+02
1538          	5.193238e+02
1539          	5.193239e+02
1540          	5.193239e+02
1541          	5.193239e+02
1542          	5.193239e+02
1543          	5.193239e+02
1544          	5.193239e+02
1545          	5.193239e+02
1546          	5.193239e+02
1547          	5.193239e+02
1548          	5.193239e+02
1549          	5.193239e+02
1550          	5.193239e+02
1551          	5.193239e+02
1552          	5.193239e+02
1553          	5.193239e+02
1554          	5.193239e+02
1555          	5.193239e+02
1556          	5.193239e+02
1557          	5.193239e+02
1558          	5.193239e+02
1559          	5.193239e+02
1560          	5.193239e+02
1561          	5.193239e+02
1562          	5.193239e+02
1563          	5.193239e+02
1564          	5.193239e+02
1565          	5.193239e+02
1566          	5.193239e+02
1567          	5.193239e+02
1568          	5.193239e+02
1569          	5.193239e+02
1570          	5.193239e+02
1571          	5.193239e+02
1572          	5.193239e+02
1573          	5.193239e+02
1574          	5.193239e+02
1575          	5.193239e+02
1576          	5.193239e+02
1577          	5.193239e+02
1578          	5.193239e+02
1579          	5.193239e+02
1580          	5.193239e+02
1581          	5.193239e+02
1582          	5.193239e+02
1583          	5.193239e+02
1584          	5.193239e+02
1585          	5.193239e+02
1586          	5.193239e+02
1587          	5.193239e+02
1588          	5.193239e+02
1589          	5.193239e+02
1590          	5.193239e+02
1591          	5.193239e+02
1592          	5.193239e+02
1593          	5.193239e+02
1594          	5.193239e+02
1595          	5.193239e+02
1596          	5.193239e+02
1597          	5.193239e+02
1598          	5.193239e+02
1599          	5.193239e+02
1600          	5.193239e+02
1601          	5.193239e+02
1602          	5.193239e+02
1603          	5.193239e+02
1604          	5.193239e+02
1605          	5.193239e+02
1606          	5.193239e+02
1607          	5.193239e+02
1608          	5.193239e+02
1609          	5.193239e+02
1610          	5.193239e+02
1611          	5.193239e+02
1612          	5.193239e+02
1613          	5.193239e+02
1614          	5.193239e+02
1615          	5.193239e+02
1616          	5.193239e+02
1617          	5.193239e+02
1618          	5.193239e+02
1619          	5.193239e+02
1620          	5.193239e+02
1621          	5.193239e+02
1622          	5.193239e+02
1623          	5.193239e+02
1624          	5.193239e+02
1625          	5.193239e+02
1626          	5.193239e+02
1627          	5.193239e+02
1628          	5.193239e+02
1629          	5.193239e+02
1630          	5.193239e+02
1631          	5.193239e+02
1632          	5.193239e+02
1633          	5.193239e+02
1634          	5.193239e+02
1635          	5.193239e+02
1636          	5.193239e+02
1637          	5.193239e+02
1638          	5.193239e+02
1639          	5.193239e+02
1640          	5.193239e+02
1641          	5.193239e+02
1642          	5.193239e+02
1643          	5.193239e+02
1644          	5.193239e+02
1645          	5.193239e+02
1646          	5.193239e+02
1647          	5.193239e+02
1648          	5.193239e+02
1649          	5.193239e+02
1650          	5.193239e+02
1651          	5.193239e+02
1652          	5.193239e+02
1653          	5.193239e+02
1654          	5.193239e+02
1655          	5.193239e+02
1656          	5.193239e+02
1657          	5.193239e+02
1658          	5.193239e+02
1659          	5.193239e+02
1660          	5.193239e+02
1661          	5.193239e+02
1662          	5.193239e+02
1663          	5.193239e+02
1664          	5.193239e+02
1665          	5.193239e+02
1666          	5.193239e+02
1667          	5.193239e+02
1668          	5.193239e+02
1669          	5.193239e+02
1670          	5.193239e+02
1671          	5.193239e+02
1672          	5.193239e+02
1673          	5.193239e+02
1674          	5.193239e+02
1675          	5.193239e+02
1676          	5.193239e+02
1677          	5.193239e+02
1678          	5.193239e+02
1679          	5.193239e+02
1680          	5.193239e+02
1681          	5.193239e+02
1682          	5.193239e+02
1683          	5.193239e+02
1684          	5.193239e+02
1685          	5.193239e+02
1686          	5.193239e+02
1687          	5.193239e+02
1688          	5.193239e+02
1689          	5.193239e+02
1690          	5.193239e+02
1691          	5.193239e+02
1692          	5.193239e+02
1693          	5.193239e+02
1694          	5.193239e+02
1695          	5.193239e+02
1696          	5.193239e+02
1697          	5.193239e+02
1698          	5.193239e+02
1699          	5.193239e+02
1700          	5.193239e+02
1701          	5.193239e+02
1702          	5.193239e+02
1703          	5.193239e+02
1704          	5.193239e+02
1705          	5.193239e+02
1706          	5.193239e+02
1707          	5.193239e+02
1708          	5.193239e+02
1709          	5.193239e+02
1710          	5.193239e+02
1711          	5.193239e+02
1712          	5.193239e+02
1713          	5.193239e+02
1714          	5.193240e+02
1715          	5.193240e+02
1716          	5.193240e+02
1717          	5.193240e+02
1718          	5.193240e+02
1719          	5.193240e+02
1720          	5.193240e+02
1721          	5.193240e+02
1722          	5.193240e+02
1723          	5.193240e+02
1724          	5.193240e+02
1725          	5.193240e+02
1726          	5.193240e+02
1727          	5.193240e+02
1728          	5.193240e+02
1729          	5.193240e+02
1730          	5.193240e+02
1731          	5.193240e+02
1732          	5.193240e+02
1733          	5.193241e+02
1734          	5.193241e+02
1735          	5.193241e+02
1736          	5.193242e+02
1737          	5.193242e+02
1738          	5.193242e+02
1739          	5.193242e+02
1740          	5.193242e+02
1741          	5.193242e+02
1742          	5.193242e+02
1743          	5.193242e+02
1744          	5.193242e+02
1745          	5.193242e+02
1746          	5.193242e+02
1747          	5.193242e+02
1748          	5.193242e+02
1749          	5.193242e+02
1750          	5.193242e+02
1751          	5.193242e+02
1752          	5.193242e+02
1753          	5.193243e+02
1754          	5.193243e+02
1755          	5.193243e+02
1756          	5.193244e+02
1757          	5.193244e+02
1758          	5.193245e+02
1759          	5.193245e+02
1760          	5.193245e+02
1761          	5.193245e+02
1762          	5.193245e+02
1763          	5.193245e+02
1764          	5.193245e+02
1765          	5.193245e+02
1766          	5.193245e+02
1767          	5.193245e+02
1768          	5.193245e+02
1769          	5.193245e+02
1770          	5.193245e+02
1771          	5.193245e+02
1772          	5.193245e+02
1773          	5.193245e+02
1774          	5.193246e+02
1775          	5.193246e+02
1776          	5.193246e+02
1777          	5.193246e+02
1778          	5.193246e+02
1779          	5.193246e+02
1780          	5.193246e+02
1781          	5.193246e+02
1782          	5.193246e+02
1783          	5.193246e+02
1784          	5.193246e+02
1785          	5.193246e+02
1786          	5.193246e+02
1787          	5.193246e+02
1788          	5.193246e+02
1789          	5.193246e+02
1790          	5.193246e+02
1791          	5.193246e+02
1792          	5.193247e+02
1793          	5.193247e+02
1794          	5.193247e+02
1795          	5.193248e+02
1796          	5.193248e+02
1797          	5.193248e+02
1798          	5.193248e+02
1799          	5.193248e+02
1800          	5.193248e+02
1801          	5.193248e+02
1802          	5.193248e+02
1803          	5.193248e+02
1804          	5.193248e+02
1805          	5.193248e+02
1806          	5.193248e+02
1807          	5.193248e+02
1808          	5.193248e+02
1809          	5.193248e+02
1810          	5.193248e+02
1811          	5.193248e+02
1812          	5.193248e+02
1813          	5.193249e+02
1814          	5.193249e+02
1815          	5.193249e+02
1816          	5.193249e+02
1817          	5.193249e+02
1818          	5.193249e+02
1819          	5.193249e+02
1820          	5.193249e+02
1821          	5.193249e+02
1822          	5.193249e+02
1823          	5.193249e+02
1824          	5.193249e+02
1825          	5.193249e+02
1826          	5.193249e+02
1827          	5.193249e+02
1828          	5.193249e+02
1829          	5.193250e+02
1830          	5.193250e+02
1831          	5.193250e+02
1832          	5.193251e+02
1833          	5.193251e+02
1834          	5.193251e+02
1835          	5.193251e+02
1836          	5.193251e+02
1837          	5.193251e+02
1838          	5.193251e+02
1839          	5.193251e+02
1840          	5.193251e+02
1841          	5.193251e+02
1842          	5.193251e+02
1843          	5.193251e+02
1844          	5.193251e+02
1845          	5.193251e+02
1846          	5.193251e+02
1847          	5.193251e+02
1848          	5.193251e+02
1849          	5.193251e+02
1850          	5.193251e+02
1851          	5.193252e+02
1852          	5.193252e+02
1853          	5.193252e+02
1854          	5.193253e+02
1855          	5.193253e+02
1856          	5.193253e+02
1857          	5.193253e+02
1858          	5.193253e+02
1859          	5.193253e+02
1860          	5.193253e+02
1861          	5.193254e+02
1862          	5.193254e+02
1863          	5.193254e+02
1864          	5.193254e+02
1865          	5.193254e+02
1866          	5.193254e+02
1867          	5.193254e+02
1868          	5.193254e+02
1869          	5.193254e+02
1870          	5.193254e+02
1871          	5.193254e+02
1872          	5.193254e+02
1873          	5.193254e+02
1874          	5.193254e+02
1875          	5.193254e+02
1876          	5.193254e+02
1877          	5.193254e+02
1878          	5.193254e+02
1879          	5.193254e+02
1880          	5.193254e+02
1881          	5.193254e+02
1882          	5.193254e+02
1883          	5.193254e+02
1884          	5.193254e+02
1885          	5.193254e+02
1886          	5.193254e+02
1887          	5.193255e+02
1888          	5.193255e+02
1889          	5.193255e+02
1890          	5.193255e+02
1891          	5.193255e+02
1892          	5.193255e+02
1893          	5.193255e+02
1894          	5.193255e+02
1895          	5.193255e+02
1896          	5.193255e+02
1897          	5.193255e+02
1898          	5.193255e+02
1899          	5.193255e+02
1900          	5.193255e+02
1901          	5.193255e+02
1902          	5.193255e+02
1903          	5.193255e+02
1904          	5.193254e+02
1905          	5.193254e+02
1906          	5.193254e+02
1907          	5.193254e+02
1908          	5.193254e+02
1909          	5.193254e+02
1910          	5.193254e+02
1911          	5.193254e+02
1912          	5.193254e+02
1913          	5.193254e+02
1914          	5.193254e+02
1915          	5.193254e+02
1916          	5.193254e+02
1917          	5.193254e+02
1918          	5.193254e+02
1919          	5.193254e+02
1920          	5.193254e+02
1921          	5.193254e+02
1922          	5.193254e+02
1923          	5.193254e+02
1924          	5.193254e+02
1925          	5.193254e+02
1926          	5.193254e+02
1927          	5.193254e+02
1928          	5.193254e+02
1929          	5.193254e+02
1930          	5.193254e+02
1931          	5.193254e+02
1932          	5.193254e+02
1933          	5.193254e+02
1934          	5.193254e+02
1935          	5.193254e+02
1936          	5.193254e+02
1937          	5.193254e+02
1938          	5.193254e+02
1939          	5.193254e+02
1940          	5.193254e+02
1941          	5.193254e+02
1942          	5.193254e+02
1943          	5.193254e+02
1944          	5.193254e+02
1945          	5.193254e+02
1946          	5.193254e+02
1947          	5.193254e+02
1948          	5.193254e+02
1949          	5.193254e+02
1950          	5.193254e+02
1951          	5.193254e+02
1952          	5.193254e+02
1953          	5.193254e+02
1954          	5.193254e+02
1955          	5.193254e+02
1956          	5.193254e+02
1957          	5.193254e+02
1958          	5.193254e+02
1959          	5.193254e+02
1960          	5.193254e+02
1961          	5.193254e+02
1962          	5.193254e+02
1963          	5.193254e+02
1964          	5.193254e+02
1965          	5.193254e+02
1966          	5.193254e+02
1967          	5.193254e+02
1968          	5.193254e+02
1969          	5.193254e+02
1970          	5.193254e+02
1971          	5.193254e+02
1972          	5.193254e+02
1973          	5.193254e+02
1974          	5.193254e+02
1975          	5.193254e+02
1976          	5.193254e+02
1977          	5.193254e+02
1978          	5.193254e+02
1979          	5.193254e+02
1980          	5.193254e+02
1981          	5.193254e+02
1982          	5.193254e+02
1983          	5.193254e+02
1984          	5.193254e+02
1985          	5.193254e+02
1986          	5.193254e+02
1987          	5.193254e+02
1988          	5.193254e+02
1989          	5.193254e+02
1990          	5.193254e+02
1991          	5.193254e+02
1992          	5.193254e+02
1993          	5.193254e+02
1994          	5.193254e+02
1995          	5.193254e+02
1996          	5.193254e+02
1997          	5.193254e+02
1998          	5.193254e+02
1999          	5.193254e+02
2000          	5.193254e+02
