/*--------------------------------*- C++ -*----------------------------------*\
  =========                 |
  \\      /  F ield         | OpenFOAM: The Open Source CFD Toolbox
   \\    /   O peration     | Website:  https://openfoam.org
    \\  /    A nd           | Version:  10
     \\/     M anipulation  |
\*---------------------------------------------------------------------------*/
FoamFile
{
    format      ascii;
    class       labelList;
    location    "constant/heater/polyMesh";
    object      cellRegionAddressing;
}
// * * * * * * * * * * * * * * * * * * * * * * * * * * * * * * * * * * * * * //


1262
(
95285
95287
95288
95292
95293
95294
95295
95296
95297
95298
95299
95300
95303
95305
95306
95307
95309
95310
95311
95312
95314
95315
95316
95317
95318
95320
95321
95323
95324
95325
95326
95327
95328
95329
95330
95331
95332
95333
95335
95336
95337
95338
95339
95342
95343
95344
95345
95346
95348
95349
95354
95355
95356
95357
95358
95359
95361
95362
95363
95364
95365
95367
95368
95369
95370
95371
95372
95373
95374
95375
95377
95378
95379
95380
95384
95385
95386
95387
95388
95390
95391
95393
95394
95395
95396
95397
95398
95399
95400
95402
95403
95404
95405
95406
95407
95408
95410
95411
95412
95414
95415
95417
95418
95419
95420
95421
95422
95423
95425
95427
95429
95430
95431
95432
95433
95435
95437
95438
95439
95441
95443
95444
95445
95447
95448
95450
95451
95452
95453
95455
95456
95457
95458
95459
95460
95462
95463
95464
95465
95466
95467
95468
95469
95470
95471
95473
95474
95477
95478
95479
95480
95483
95484
95485
95486
95487
95488
95489
95490
95491
95493
95494
95498
95499
95500
95501
95502
95503
95504
95507
95508
95509
95510
95512
95515
95516
95518
95520
95521
95524
95526
95527
95528
95529
95531
95532
95533
95534
95535
95536
95537
95538
95540
95541
95542
95543
95545
95546
95547
95548
95549
95550
95552
95553
95554
95557
95558
95559
95560
95561
95562
95563
95564
95565
95566
95567
95568
95569
95570
95571
95572
95575
95576
95577
95579
95580
95581
95582
95584
95586
95588
95589
95590
95591
95593
95595
95597
95598
95599
95600
95601
95603
95604
95605
95606
95607
95608
95609
95614
95615
95616
95619
95620
95625
95627
95628
95631
95632
95633
95634
95635
95636
95637
95639
95640
95641
95642
95643
95644
95645
95647
95648
95649
95650
95651
95653
95654
95655
95656
95658
95659
95660
95663
95664
95665
95666
95667
95668
95669
95671
95672
95673
95674
95675
95676
95677
95678
95681
95683
95684
95685
95687
95688
95689
95690
95691
95692
95693
95694
95695
95696
95697
95698
95700
95701
95702
95703
95704
95705
95706
95707
95708
95709
95710
95712
95713
95714
95715
95716
95717
95718
95720
95721
95722
95724
95725
95726
95727
95728
95729
95732
95733
95734
95736
95737
95738
95739
95740
95741
95742
95743
95744
95745
95746
95747
95748
95749
95750
95751
95752
95753
95755
95756
95757
95758
95761
95762
95763
95765
95766
95768
95769
95770
95771
95774
95775
95776
95778
95779
95781
95783
95784
95788
95789
95790
95791
95792
95794
95796
95797
95798
95799
95802
95803
95804
95805
95806
95807
95808
95811
95812
95813
95814
95815
95816
95817
95819
95820
95821
95825
95826
95827
95828
95830
95831
95832
95836
95841
95842
95843
95844
95845
95846
95847
95849
95852
95853
95854
95855
95856
95857
95858
95859
95860
95862
95863
95864
95865
95866
95867
95868
95870
95871
95874
95875
95877
95878
95879
95880
95881
95882
95883
95884
95885
95886
95887
95888
95889
95890
95891
95893
95894
95896
95897
95898
95899
95900
95902
95903
95904
95905
95906
95907
95910
95911
95912
95913
95914
95915
95917
95918
95920
95924
95925
95926
95927
95929
95931
95932
95934
95935
95936
95937
95938
95939
95940
95941
95942
95943
95944
95946
95947
95950
95951
95952
95953
95954
95955
95956
95957
95958
95960
95961
95962
95963
95964
95966
95973
95974
95975
95979
95980
95981
95983
95984
95985
95986
95987
95989
95990
95991
95992
95994
95995
95996
95997
96002
96006
96008
96009
96011
96013
96015
96017
96018
96019
96021
96022
96023
96025
96027
96028
96029
96031
96032
96033
96037
96038
96039
96041
96042
96046
96047
96048
96050
96051
96053
96054
96056
96058
96059
96060
96064
96065
96066
96067
96069
96070
96074
96075
96076
96077
96080
96086
96087
96090
96093
96094
96095
96096
96097
96098
96099
96102
96103
96104
96105
96106
96108
96109
96114
96115
96116
96117
96119
96120
96122
96123
96124
96125
96126
96128
96129
96130
96131
96132
96133
96134
96136
96137
96138
96139
96140
96141
96142
96143
96144
96145
96146
96147
96148
96149
96150
96152
96154
96155
96156
96157
96158
96159
96160
96161
96162
96166
96167
96168
96169
96170
96171
96172
96174
96175
96176
96178
96179
96180
96181
96182
96183
96184
96185
96186
96187
96188
96189
96190
96191
96192
96193
96194
96196
96197
96200
96202
96203
96204
96205
96208
96209
96210
96212
96214
96215
96217
96218
96219
96221
96222
96223
96224
96226
96229
96231
96232
96234
96236
96237
96238
96239
96242
96243
96246
96248
96249
96250
96251
96252
96253
96256
96257
96258
96259
96260
96262
96264
96266
96271
96272
96274
96277
96278
96280
96281
96285
96286
96290
96291
96292
96293
96294
96296
96298
96299
96300
96301
96302
96303
96304
96305
96307
96308
96310
96311
96313
96314
96315
96316
96318
96319
96321
96322
96323
96324
96325
96326
96327
96328
96329
96330
96331
96332
96333
96335
96336
96337
96338
96339
96340
96341
96342
96343
96344
96345
96346
96347
96348
96350
96351
96353
96354
96355
96356
96358
96359
96360
96361
96362
96363
96364
96365
96366
96367
96368
96369
96370
96371
96373
96374
96376
96377
96378
96380
96381
96383
96385
96386
96388
96389
96390
96391
96392
96393
96394
96395
96396
96398
96399
96400
96402
96403
96405
96407
96408
96409
96410
96411
96412
96416
96417
96419
96420
96421
96422
96424
96425
96426
96427
96429
96430
96431
96432
96433
96434
96435
96436
96440
96444
96445
96446
96447
96448
96451
96454
96455
96456
96457
96458
96459
96460
96461
96462
96463
96464
96465
96466
96467
96470
96471
96472
96475
96478
96479
96482
96484
96485
96488
96489
96491
96492
96495
96497
96498
96500
96501
96502
96503
96504
96508
96509
96510
96511
96512
96513
96514
96515
96516
96517
96518
96519
96520
96522
96524
96525
96527
96528
96529
96530
96531
96532
96535
96537
96539
96542
96543
96545
96546
96547
96548
96549
96550
96551
96552
96553
96554
96556
96558
96559
96560
96561
96562
96563
96566
96567
96568
96569
96570
96571
96572
96573
96574
96575
96576
96578
96579
96580
96581
96582
96583
96586
96587
96589
96590
96593
96594
96595
96597
96598
96599
96600
96601
96602
96604
96606
96607
96608
96609
96610
96611
96612
96614
96615
96616
96617
96619
96622
96623
96625
96626
96627
96628
96630
96632
96633
96634
96635
96636
96637
96640
96641
96642
96644
96645
96648
96649
96651
96652
96653
96654
96655
96656
96657
96659
96663
96664
96665
96667
96668
96669
96670
96671
96675
96676
96678
96679
96680
96686
96687
96688
96689
96690
96691
96692
96693
96695
96696
96701
96702
96703
96704
96705
96707
96709
96710
96712
96714
96715
96716
96717
96718
96719
96722
96724
96725
96727
96728
96731
96732
96734
96735
96736
96737
96738
96739
96740
96741
96742
96744
96746
96748
96749
96750
96751
96752
96753
96754
96755
96756
96757
96758
96759
96760
96762
96763
96764
96765
96767
96768
96770
96773
96775
96776
96777
96778
96779
96780
96781
96782
96783
96784
96785
96786
96789
96790
96792
96793
96794
96796
96799
96800
96802
96803
96805
96806
96807
96808
96809
96815
96818
96821
96822
96824
96828
96829
96830
96831
96832
96833
96834
96835
96836
96841
96842
96847
96848
96849
96850
96851
96852
96853
96854
96855
96856
96857
96862
96866
96872
96874
96878
96879
96881
96882
96883
96884
96885
96886
96887
96888
96889
96890
96891
96892
96893
96895
96896
96897
96899
96901
96902
96904
96905
96906
96907
96908
96909
96910
96911
96912
96913
96914
96916
96917
96918
96919
96920
96922
96923
96924
96925
96928
96929
96931
96932
96933
96934
96935
96936
96937
96938
96939
96940
96941
96943
96944
96945
96950
96952
96953
96954
96955
96956
96959
96961
96962
96963
96964
96965
96966
96967
96968
96969
96971
96972
96975
96976
96977
96979
96981
96987
96989
96991
96994
96996
97004
97005
97006
97010
97013
97015
97016
97017
97020
97021
97022
97024
97025
97030
97034
97037
97041
97043
97046
97048
97049
97050
97051
97053
97055
97057
97058
97059
97060
97062
97065
97066
97067
97068
97069
97070
97071
97072
97073
97074
)


// ************************************************************************* //
