/*--------------------------------*- C++ -*----------------------------------*\
  =========                 |
  \\      /  F ield         | OpenFOAM: The Open Source CFD Toolbox
   \\    /   O peration     | Website:  https://openfoam.org
    \\  /    A nd           | Version:  10
     \\/     M anipulation  |
\*---------------------------------------------------------------------------*/
FoamFile
{
    format      ascii;
    class       labelList;
    location    "constant/heater/polyMesh";
    object      faceRegionAddressing;
}
// * * * * * * * * * * * * * * * * * * * * * * * * * * * * * * * * * * * * * //


2678
(
231564
231565
231566
231571
231572
231573
231574
231575
231576
231577
231578
231588
231589
231590
231591
231592
231593
231594
231595
231596
231597
231598
231599
231600
231601
231602
231603
231604
231605
231606
231607
231608
231609
231610
231611
231612
231613
231614
231615
231616
231617
231618
231619
231620
231621
231622
231623
231630
231631
231632
231633
231637
231638
231639
231640
231641
231642
231643
231644
231645
231646
231647
231650
231651
231652
231653
231654
231655
231656
231657
231658
231659
231660
231661
231662
231663
231664
231665
231669
231670
231671
231672
231673
231674
231675
231676
231677
231678
231679
231680
231681
231682
231683
231684
231685
231686
231691
231692
231693
231694
231695
231696
231699
231700
231701
231702
231703
231704
231705
231706
231707
231708
231709
231710
231711
231712
231713
231714
231715
231716
231717
231718
231719
231720
231721
231722
231723
231724
231725
231726
231727
231728
231729
231730
231731
231732
231733
231734
231735
231736
231737
231742
231743
231744
231745
231746
231747
231748
231749
231750
231751
231752
231753
231754
231755
231756
231757
231758
231759
231760
231767
231768
231769
231770
231771
231772
231773
231774
231775
231776
231777
231778
231779
231780
231781
231782
231783
231784
231785
231790
231791
231792
231793
231794
231795
231796
231797
231807
231808
231809
231810
231811
231812
231813
231814
231815
231816
231817
231818
231819
231820
231821
231822
231823
231824
231825
231826
231827
231828
231830
231831
231832
231833
231834
231835
231836
231837
231838
231839
231840
231841
231842
231843
231844
231845
231846
231847
231851
231852
231853
231854
231855
231856
231857
231858
231859
231860
231861
231862
231863
231864
231865
231866
231867
231868
231869
231870
231871
231872
231873
231874
231875
231876
231877
231878
231879
231880
231881
231885
231886
231887
231888
231889
231890
231891
231892
231893
231894
231895
231896
231904
231905
231906
231907
231908
231909
231910
231911
231912
231913
231914
231915
231916
231917
231918
231919
231920
231921
231922
231925
231926
231927
231928
231929
231930
231931
231932
231937
231938
231939
231940
231941
231942
231943
231944
231945
231946
231947
231948
231949
231950
231951
231952
231953
231954
231955
231956
231957
231958
231959
231960
231961
231962
231963
231968
231969
231970
231971
231972
231973
231974
231975
231976
231977
231978
231979
231980
231981
231982
231983
231984
231985
231986
231987
231988
231989
231990
231991
231992
231996
231997
231998
231999
232000
232001
232002
232003
232004
232005
232010
232011
232012
232013
232014
232017
232018
232019
232020
232021
232022
232023
232024
232025
232026
232027
232028
232029
232030
232031
232032
232033
232034
232035
232036
232039
232040
232041
232042
232046
232047
232048
232049
232053
232054
232055
232056
232057
232058
232059
232060
232061
232062
232063
232064
232065
232066
232067
232068
232069
232070
232073
232074
232075
232076
232081
232082
232083
232084
232085
232086
232087
232088
232089
232090
232091
232096
232097
232098
232099
232103
232104
232105
232106
232107
232108
232109
232110
232111
232112
232115
232116
232117
232118
232119
232120
232121
232122
232127
232128
232129
232130
232131
232132
232133
232134
232135
232136
232137
232138
232142
232143
232144
232145
232146
232147
232148
232149
232150
232151
232152
232153
232154
232155
232156
232157
232158
232159
232160
232161
232165
232166
232167
232168
232169
232170
232171
232172
232173
232174
232175
232176
232177
232178
232179
232180
232181
232182
232183
232184
232185
232186
232187
232188
232189
232190
232191
232192
232193
232194
232198
232199
232200
232201
232202
232203
232204
232211
232212
232213
232214
232215
232216
232217
232218
232219
232220
232221
232222
232223
232232
232233
232234
232235
232236
232237
232238
232239
232240
232241
232242
232243
232244
232245
232246
232247
232248
232249
232250
232251
232252
232253
232254
232255
232256
232257
232258
232259
232260
232264
232265
232266
232267
232268
232269
232280
232281
232282
232283
232284
232285
232286
232287
232288
232289
232290
232291
232292
232293
232294
232295
232296
232297
232298
232305
232306
232307
232308
232309
232310
232311
232312
232313
232314
232315
232316
232320
232321
232322
232330
232331
232332
232333
232334
232337
232338
232341
232342
232343
232344
232345
232346
232352
232353
232354
232355
232359
232360
232361
232362
232363
232364
232365
232366
232367
232368
232369
232370
232371
232372
232373
232377
232378
232379
232380
232381
232382
232383
232384
232385
232386
232387
232388
232389
232390
232391
232392
232393
232394
232395
232396
232397
232398
232399
232400
232401
232402
232403
232407
232408
232409
232410
232411
232412
232413
232414
232415
232416
232417
232418
232419
232420
232421
232422
232423
232424
232425
232426
232427
232428
232429
232430
232431
232432
232433
232434
232435
232436
232437
232438
232439
232440
232441
232442
232443
232447
232448
232449
232450
232451
232452
232453
232454
232455
232464
232465
232466
232467
232468
232469
232470
232471
232472
232473
232474
232475
232476
232477
232478
232479
232480
232481
232482
232483
232484
232485
232486
232487
232488
232489
232490
232491
232492
232493
232494
232495
232496
232497
232498
232499
232500
232501
232502
232503
232504
232505
232506
232507
232508
232509
232510
232518
232519
232520
232521
232522
232523
232524
232525
232526
232531
232532
232533
232534
232535
232536
232537
232538
232539
232540
232541
232543
232544
232545
232548
232549
232550
232554
232555
232556
232557
232558
232559
232560
232561
232562
232566
232567
232568
232569
232573
232574
232578
232579
232580
232581
232582
232583
232584
232585
232586
232587
232588
232589
232590
232591
232592
232593
232597
232598
232599
232600
232601
232602
232603
232604
232605
232606
232607
232608
232609
232610
232611
232612
232613
232614
232615
232616
232617
232618
232633
232634
232635
232636
232637
232645
232646
232647
232648
232649
232659
232660
232661
232664
232665
232666
232667
232668
232669
232676
232677
232678
232679
232680
232681
232682
232683
232684
232685
232686
232687
232688
232689
232690
232695
232696
232697
232698
232699
232700
232701
232702
232703
232704
232705
232706
232707
232708
232709
232710
232711
232712
232713
232714
232715
232716
232720
232721
232722
232723
232724
232725
232726
232727
232728
232729
232730
232731
232732
232733
232737
232738
232739
232740
232741
232742
232743
232744
232745
232746
232747
232748
232751
232752
232753
232754
232755
232763
232764
232765
232766
232767
232768
232769
232770
232771
232772
232773
232774
232775
232776
232777
232778
232779
232780
232781
232782
232785
232786
232787
232788
232789
232790
232791
232792
232793
232794
232795
232796
232797
232798
232799
232800
232801
232802
232803
232804
232805
232806
232812
232813
232816
232817
232818
232819
232820
232821
232822
232823
232827
232828
232829
232830
232831
232832
232833
232834
232835
232836
232837
232838
232839
232840
232841
232842
232843
232844
232845
232846
232847
232848
232849
232850
232851
232852
232853
232854
232855
232856
232857
232858
232859
232862
232863
232864
232865
232866
232867
232868
232869
232870
232871
232872
232873
232874
232875
232876
232877
232878
232879
232880
232881
232882
232883
232884
232885
232886
232887
232888
232889
232890
232891
232892
232893
232894
232895
232896
232900
232901
232902
232903
232904
232905
232906
232907
232908
232909
232910
232911
232912
232913
232914
232915
232916
232917
232918
232919
232923
232924
232925
232926
232927
232928
232929
232930
232931
232933
232934
232935
232936
232937
232938
232939
232940
232941
232942
232943
232944
232945
232946
232947
232948
232949
232957
232958
232959
232960
232961
232962
232963
232964
232965
232966
232970
232971
232972
232973
232974
232975
232976
232977
232978
232979
232980
232981
232982
232983
232984
232985
232986
232987
232988
232989
232990
232991
232992
232993
232994
232995
232996
232997
232998
232999
233000
233001
233002
233003
233004
233005
233006
233007
233008
233009
233010
233011
233012
233013
233018
233019
233020
233021
233022
233023
233024
233025
233031
233032
233033
233034
233035
233038
233039
233040
233041
233046
233047
233048
233049
233050
233051
233057
233058
233059
233060
233061
233062
233063
233067
233068
233069
233070
233071
233072
233077
233078
233083
233084
233085
233086
233087
233097
233098
233099
233100
233101
233102
233103
233104
233105
233106
233107
233108
233109
233114
233115
233119
233120
233121
233122
233123
233124
233125
233126
233127
233128
233129
233130
233131
233140
233141
233142
233143
233144
233145
233146
233147
233148
233149
233150
233151
233152
233153
233154
233155
233156
233157
233158
233159
233165
233166
233167
233168
233169
233170
233171
233172
233173
233174
233175
233176
233177
233178
233179
233180
233181
233182
233183
233188
233189
233190
233191
233192
233193
233194
233203
233204
233205
233206
233207
233208
233209
233210
233211
233212
233213
233218
233219
233220
233221
233222
233223
233224
233225
233226
233227
233239
233240
233241
233242
233256
233257
233258
233259
233260
233261
233262
233263
233264
233265
233266
233267
233268
233269
233270
233271
233272
233284
233285
233286
233287
233288
233289
233290
233291
233292
233293
233294
233295
233296
233297
233298
233299
233300
233301
233302
233303
233304
233305
233309
233310
233311
233312
233313
233314
233315
233316
233317
233318
233319
233320
233321
233322
233323
233324
233325
233328
233329
233330
233331
233332
233333
233340
233341
233342
233343
233348
233349
233350
233351
233352
233353
233354
233355
233356
233357
233358
233359
233360
233361
233362
233363
233364
233365
233366
233367
233368
233369
233370
233371
233372
233373
233374
233375
233376
233377
233378
233379
233380
233381
233382
233383
233384
233387
233390
233391
233392
233393
233394
233395
233396
233397
233398
233399
233403
233404
233405
233406
233407
233408
233409
233410
233411
233412
233413
233414
233415
233416
233417
233418
233419
233420
233427
233428
233429
233430
233431
233432
233433
233434
233435
233436
233437
233438
233439
233441
233442
233443
233446
233447
233448
233458
233459
233460
233461
233462
233463
233464
233465
233469
233470
233473
233474
233475
233476
233481
233482
233483
233484
233485
233486
233487
233488
233489
233490
233491
233492
233493
233494
233495
233496
233497
233498
233499
233500
233501
233502
233507
233508
233509
233510
233511
233512
233517
233518
233519
233520
233521
233522
233523
233524
233525
233526
233527
233528
233529
233530
233531
233532
233533
233534
233538
233539
233540
233541
233542
233543
233544
233545
233546
233547
233548
233549
233554
233575
233576
233577
233578
233579
233580
233591
233592
233593
233594
233595
233596
233598
233599
233600
233601
233602
233603
233604
233605
233606
233607
233608
233612
233613
233614
233615
233616
233617
233618
233622
233623
233624
233625
233626
233627
233628
233629
233641
233642
233643
233644
233654
233655
233656
233659
233660
233661
233665
233666
233667
233668
233672
233673
233677
233678
233679
233680
233685
233686
233687
233688
233689
233690
233694
233695
233696
233697
233699
233703
233704
233705
233710
233711
233712
233713
233714
233725
233726
233727
233728
233729
233730
233731
233733
233734
233735
233736
233737
233747
233748
233749
233750
233754
233755
233756
233757
233758
233759
233764
233765
233766
233767
233768
233772
233777
233778
233779
233780
233781
233782
233783
233784
233794
233795
233796
233797
233798
233799
233800
233801
233805
233806
233807
233808
233819
233820
233821
233822
233823
233824
233825
233826
233827
233828
233836
233837
233853
233854
233855
233862
233863
233868
233869
233870
233871
233872
233873
233874
233875
233876
233877
233878
233879
233880
233881
233882
233883
233890
233891
233892
233893
233894
233895
233896
233897
233898
233899
233902
233903
233904
233905
233918
233919
233920
233921
233922
233925
233926
233927
233928
233933
233934
233935
233936
233937
233938
233939
233940
233941
233942
233946
233947
233948
233949
233950
233951
233952
233953
233954
233955
233956
233957
233960
233961
233962
233963
233964
233965
233966
233967
233968
233969
233970
233971
233972
233973
233974
233975
233976
233977
233978
233979
233980
233981
233982
233983
233984
233985
233986
233987
233988
233989
233994
233995
234000
234001
234002
234003
234004
234005
234006
234007
234008
234009
234010
234011
234012
234023
234024
234025
234026
234027
234028
234029
234030
234031
234032
234033
234034
234035
234036
234037
234040
234041
234042
234043
234046
234047
234048
234049
234050
234051
234052
234053
234054
234055
234056
234057
234058
234059
234060
234061
234062
234063
234064
234065
234066
234067
234068
234069
234070
234071
234072
234073
234074
234075
234076
234077
234078
234079
234080
234085
234086
234087
234088
234089
234098
234099
234100
234101
234102
234103
234110
234111
234116
234119
234120
234121
234123
234124
234125
234126
234127
234130
234131
234132
234133
234134
234147
234150
234151
234155
234156
234159
234160
234161
234162
234163
234164
234172
234173
234174
234175
234181
234184
234185
234186
234187
234188
234189
234190
234191
234192
234193
234194
234195
234202
234203
234204
234205
234206
234207
234208
234209
234210
234215
234216
234217
234221
234222
234223
234226
234227
234228
234240
234241
234242
234250
234251
234252
234253
234254
234255
234256
234257
234261
234262
234263
234264
234273
234283
234284
234285
234286
234287
234288
234289
234292
234297
234298
234299
234300
234301
234302
234303
234304
234305
234306
234307
234308
234309
234310
234314
234315
234316
234320
234324
234325
234326
234327
234328
234329
234334
234335
234336
234337
234340
234341
234342
234343
234344
234345
234346
234347
234348
234349
234350
234351
234352
234353
234354
234355
234356
234357
234358
234359
234360
234361
234362
234366
234367
234368
234369
234370
234371
234372
234373
234374
234375
234376
234377
234378
234379
234380
234381
234382
234383
234384
234388
234389
234390
234391
234393
234394
234395
234396
234397
234398
234403
234404
234405
234406
234407
234408
234409
234410
234411
234412
234413
234414
234415
234416
234417
234418
234423
234424
234427
234430
234431
234432
234436
234437
234440
234441
234442
234447
234448
234449
234450
234451
234452
234453
234454
234455
234456
234457
234458
234459
234462
234463
234464
234465
234466
234467
234471
234472
234476
234477
234482
234483
234484
234485
234486
234487
234488
234489
234500
234501
234502
234506
234507
234508
234509
234510
234511
234516
234517
234518
234519
234524
234525
234526
234527
234528
234529
234530
234531
234543
234555
234556
234557
234558
234559
234560
234561
234562
234569
234575
234576
234577
234578
234579
234580
234581
234582
234583
234584
234585
234586
234587
234588
234589
234590
234591
234598
234607
234608
234609
234616
234617
234618
234624
234625
234626
234631
234637
234638
234639
234649
234650
234654
234655
234656
234660
234661
234662
234663
234664
234665
234675
234676
234677
234678
234679
234680
234681
234682
234683
234684
234685
234686
234687
234688
234689
234690
234698
234699
234702
234703
234704
234705
234706
234707
234708
234709
234710
234721
234726
234727
234734
234735
234740
234741
234742
234743
234744
234745
234746
234747
234756
234757
234758
234766
234767
234768
234769
234770
234771
234772
234773
234774
234775
234777
234778
234779
234780
234781
234782
234783
234791
234792
234797
234798
234799
234807
234808
234809
234810
234813
234814
234815
234816
234817
234818
234823
234827
234828
234829
234830
234831
234835
234836
234837
234838
234848
234850
234851
234852
234853
234857
234861
234866
234867
234868
234872
234879
234880
234881
234882
234887
234888
234889
234890
234891
234892
234893
234894
234895
234896
234897
234900
234910
234911
234916
234917
234918
234919
234920
234921
234922
234923
234934
234938
234939
234952
234953
234954
234959
234960
234973
234974
234975
234976
234977
234981
234982
234983
234988
234989
234990
234991
234995
235000
235001
235002
235003
235018
235019
235020
235021
235027
235032
235033
235034
235035
235036
235037
235038
235039
235040
235041
235042
235043
235044
235051
235054
235055
235056
235057
235058
235059
235060
235064
235065
235070
235082
235085
235086
235087
235088
235089
235090
235091
235092
235093
235101
235104
235105
235106
235109
235120
235125
235126
235127
235128
235129
235130
235131
235132
235162
235163
235178
235179
235192
235205
235206
235207
235208
235209
235210
235211
235212
235213
235250
235264
235268
235269
235270
235271
235272
235279
235286
235287
235288
235289
235290
235291
235292
235293
235294
235295
235299
235300
235301
235302
235305
235306
235318
235319
235320
235338
235339
235344
235351
235354
235355
235356
235357
235361
235393
235403
235451
235452
235462
235486
235515
235534
414934
414935
414936
414937
414938
414939
414940
414941
414942
414943
414944
414945
414946
414947
414948
414949
414950
414951
414952
414953
414954
414955
414956
414957
414958
414959
414960
414961
414962
414963
414964
414965
414966
414967
414968
414969
414970
414971
414972
414973
414974
414975
414976
414977
414978
414979
414980
414981
414982
414983
414984
414985
414986
414987
414988
414989
414990
414991
414992
414993
414994
414995
414996
414997
414998
414999
415000
415001
415002
415003
415004
415005
415006
415007
415008
415009
415010
415011
415012
415013
415014
415015
415016
415017
415018
415019
415020
415021
415022
415023
415024
415025
415026
415027
415028
415029
415030
415031
415032
415033
415034
415035
415036
415037
415038
415039
415040
415041
415042
415043
415044
415045
415046
415047
415048
415049
415050
415051
415052
415053
415054
415055
415056
415057
415058
415059
415060
415061
415062
415063
415064
415065
415066
415067
415068
415069
415070
415071
415072
415073
415074
415075
415076
415077
415078
415079
415080
415081
415082
415083
415084
415085
415086
415087
415088
415089
415090
415091
415092
415093
415094
415095
415096
415097
415098
415099
415100
415101
415102
415103
415104
415105
415106
415107
415108
415109
415110
415111
415112
415113
415114
415115
415116
415117
415118
415119
415120
415121
415122
415123
415124
415125
415126
415127
415128
415129
415130
415131
415132
415133
415134
415135
415136
415137
415138
415139
415140
415141
415142
415143
415144
415145
415146
415147
415148
415149
415150
415151
415152
415153
415154
415155
415156
415157
415158
415159
415160
415161
415162
415163
415164
415165
415166
415167
415168
415169
415170
415171
415172
415173
415174
415175
415176
415177
415178
415179
415180
415181
415182
415183
415184
415185
415186
415187
415188
415189
-5979
-7109
-20794
-24561
-28956
-39986
-39993
-46259
-46987
-48030
-50726
-52400
-70857
-94043
-94078
-104069
-104093
-106241
-131718
-133235
-133795
-134084
-134108
-147986
-147989
-161199
-162304
-162338
-162523
-167989
-171650
-178187
-184723
-194237
-195797
-197015
-199756
-199933
-200520
-204149
-210009
-210045
-210071
-215129
-217799
-219165
-219982
-220759
-222193
-226090
-226091
-226092
)


// ************************************************************************* //
