/*--------------------------------*- C++ -*----------------------------------*\
  =========                 |
  \\      /  F ield         | OpenFOAM: The Open Source CFD Toolbox
   \\    /   O peration     | Website:  https://openfoam.org
    \\  /    A nd           | Version:  10
     \\/     M anipulation  |
\*---------------------------------------------------------------------------*/
FoamFile
{
    format      ascii;
    class       faceList;
    location    "constant/heater/polyMesh";
    object      faces;
}
// * * * * * * * * * * * * * * * * * * * * * * * * * * * * * * * * * * * * * //


2678
(
3(122 305 106)
3(127 106 305)
3(122 127 305)
3(303 111 117)
3(303 302 111)
3(303 117 302)
3(302 117 111)
3(221 90 234)
3(102 234 90)
3(102 221 234)
3(102 90 221)
3(179 160 171)
3(179 171 191)
3(179 191 160)
3(191 171 160)
3(75 159 285)
3(287 285 159)
3(287 75 285)
3(287 159 75)
3(169 93 187)
3(169 232 93)
3(169 187 232)
3(232 187 93)
3(152 211 217)
3(217 211 183)
3(152 217 183)
3(152 183 211)
3(156 214 175)
3(198 156 175)
3(198 175 214)
3(198 214 156)
3(218 237 208)
3(218 208 234)
3(218 234 237)
3(237 234 208)
3(274 298 276)
3(298 252 276)
3(274 276 252)
3(274 252 298)
3(302 117 206)
3(302 206 120)
3(206 117 120)
3(302 120 117)
3(213 155 205)
3(213 197 155)
3(213 205 197)
3(155 197 205)
3(250 97 231)
3(250 231 98)
3(97 98 231)
3(250 98 97)
3(160 190 225)
3(160 171 190)
3(160 225 171)
3(225 190 171)
3(302 304 206)
3(206 304 117)
3(302 117 304)
3(219 11 52)
3(12 11 219)
3(12 52 11)
3(12 219 52)
3(210 181 208)
3(210 208 207)
3(207 208 181)
3(210 207 181)
3(208 233 204)
3(229 208 204)
3(229 204 233)
3(229 233 208)
3(159 292 285)
3(286 285 292)
3(286 159 285)
3(286 292 159)
3(279 255 186)
3(279 186 278)
3(279 278 255)
3(278 186 255)
3(131 123 293)
3(130 293 123)
3(131 293 130)
3(267 269 270)
3(270 269 176)
3(267 270 176)
3(267 176 269)
3(120 132 300)
3(120 295 132)
3(300 132 295)
3(120 300 295)
3(296 129 111)
3(296 120 129)
3(296 111 120)
3(82 162 223)
3(82 222 162)
3(222 223 162)
3(82 223 222)
3(259 70 177)
3(177 70 69)
3(259 69 70)
3(259 177 69)
3(136 107 49)
3(136 50 107)
3(301 307 281)
3(60 301 281)
3(60 281 307)
3(60 307 301)
3(186 279 303)
3(279 96 303)
3(186 96 279)
3(186 303 96)
3(307 301 282)
3(206 282 301)
3(206 307 282)
3(206 301 307)
3(162 223 81)
3(81 223 82)
3(162 81 82)
3(126 132 301)
3(125 301 132)
3(126 301 125)
3(265 161 266)
3(266 161 159)
3(265 266 159)
3(265 159 161)
3(105 195 112)
3(127 112 195)
3(127 195 105)
3(86 42 297)
3(86 297 87)
3(87 297 42)
3(294 299 274)
3(294 298 299)
3(274 299 298)
3(294 274 298)
3(241 249 95)
3(91 249 241)
3(91 95 249)
3(91 241 95)
3(187 184 93)
3(187 169 184)
3(93 184 169)
3(112 105 59)
3(112 59 195)
3(195 59 105)
3(269 286 295)
3(294 269 295)
3(294 286 269)
3(294 295 286)
3(284 292 108)
3(284 108 285)
3(292 285 108)
3(284 285 292)
3(267 173 245)
3(269 267 245)
3(269 173 267)
3(269 245 173)
3(274 267 176)
3(294 176 267)
3(274 294 267)
3(274 176 294)
3(56 213 219)
3(213 10 219)
3(56 10 213)
3(56 219 10)
3(228 245 162)
3(245 170 162)
3(228 162 170)
3(228 170 245)
3(31 284 5)
3(109 5 284)
3(109 284 31)
3(187 150 167)
3(188 150 187)
3(188 167 150)
3(188 187 167)
3(298 293 122)
3(172 293 298)
3(172 298 122)
3(172 122 293)
3(99 44 211)
3(99 217 44)
3(217 211 44)
3(99 211 217)
3(180 183 216)
3(207 183 180)
3(207 180 216)
3(207 216 183)
3(229 233 244)
3(244 233 246)
3(229 244 246)
3(229 246 233)
3(213 215 205)
3(215 155 205)
3(213 155 215)
3(279 94 255)
3(279 158 94)
3(279 255 158)
3(158 255 94)
3(120 300 302)
3(120 302 296)
3(302 300 296)
3(120 296 300)
3(302 297 296)
3(297 186 296)
3(302 186 297)
3(302 296 186)
3(296 111 297)
3(296 302 111)
3(302 297 111)
3(196 53 154)
3(154 53 165)
3(196 165 53)
3(196 154 165)
3(244 227 191)
3(226 191 227)
3(226 227 244)
3(226 244 191)
3(45 209 89)
3(211 209 45)
3(211 45 89)
3(211 89 209)
3(206 279 304)
3(206 302 279)
3(302 304 279)
3(131 293 122)
3(298 131 122)
3(298 293 131)
3(302 186 279)
3(303 186 302)
3(303 302 279)
3(22 221 99)
3(22 90 221)
3(221 90 99)
3(277 278 253)
3(237 278 277)
3(237 253 278)
3(237 277 253)
3(167 153 160)
3(192 167 160)
3(192 160 153)
3(192 153 167)
3(177 260 259)
3(177 256 260)
3(177 259 256)
3(260 256 259)
3(111 297 42)
3(111 118 297)
3(297 118 42)
3(281 301 282)
3(307 281 282)
3(181 209 232)
3(188 181 232)
3(188 232 209)
3(188 209 181)
3(236 216 204)
3(180 216 236)
3(180 204 216)
3(180 236 204)
3(108 292 123)
3(124 292 108)
3(124 123 292)
3(94 96 255)
3(100 94 255)
3(100 255 96)
3(240 245 247)
3(240 247 170)
3(240 170 245)
3(245 170 247)
3(141 49 106)
3(141 106 48)
3(232 93 98)
3(232 98 169)
3(169 98 93)
3(103 209 232)
3(210 232 209)
3(103 232 210)
3(103 210 209)
3(275 251 273)
3(275 273 144)
3(273 251 144)
3(275 144 251)
3(172 136 265)
3(292 136 172)
3(292 172 265)
3(292 265 136)
3(224 77 170)
3(185 170 77)
3(224 170 185)
3(224 185 77)
3(177 215 71)
3(68 215 177)
3(68 177 71)
3(68 71 215)
3(281 282 260)
3(61 282 281)
3(61 281 260)
3(61 260 282)
3(70 65 259)
3(70 259 60)
3(65 60 259)
3(299 301 277)
3(299 277 200)
3(299 200 301)
3(277 301 200)
3(207 211 209)
3(207 209 149)
3(211 149 209)
3(207 149 211)
3(264 95 35)
3(264 35 36)
3(264 36 95)
3(28 79 139)
3(29 139 79)
3(139 225 28)
3(134 28 225)
3(134 225 139)
3(290 289 288)
3(240 288 289)
3(240 289 290)
3(240 290 288)
3(228 222 193)
3(179 222 228)
3(179 228 193)
3(179 193 222)
3(277 200 259)
3(277 259 257)
3(277 257 200)
3(257 259 200)
3(225 226 227)
3(242 227 226)
3(242 226 225)
3(242 225 227)
3(281 282 277)
3(277 282 260)
3(281 277 260)
3(280 58 195)
3(58 258 195)
3(280 258 58)
3(280 195 258)
3(198 182 166)
3(227 166 182)
3(198 166 227)
3(198 227 182)
3(240 271 247)
3(271 245 247)
3(240 245 271)
3(16 47 59)
3(105 16 59)
3(105 59 47)
3(237 158 234)
3(234 158 221)
3(237 221 158)
3(237 234 221)
3(162 170 81)
3(162 223 170)
3(81 170 223)
3(93 232 103)
3(209 93 103)
3(209 232 93)
3(44 211 89)
3(89 211 99)
3(240 247 249)
3(249 247 170)
3(240 249 170)
3(286 124 130)
3(286 293 124)
3(286 130 293)
3(130 124 293)
3(135 305 141)
3(135 145 305)
3(141 305 145)
3(199 273 251)
3(199 163 273)
3(199 251 163)
3(251 273 163)
3(304 303 40)
3(117 304 40)
3(117 40 303)
3(117 303 304)
3(47 1 59)
3(47 59 15)
3(218 216 208)
3(237 208 216)
3(218 237 216)
3(153 188 203)
3(153 203 192)
3(153 192 188)
3(192 203 188)
3(290 297 118)
3(290 174 297)
3(290 118 174)
3(118 297 174)
3(274 199 268)
3(199 252 268)
3(274 268 252)
3(274 252 199)
3(244 202 233)
3(229 202 244)
3(229 233 202)
3(219 52 151)
3(219 196 52)
3(196 151 52)
3(219 151 196)
3(272 178 186)
3(272 250 178)
3(272 186 250)
3(250 186 178)
3(182 166 197)
3(182 197 198)
3(197 166 198)
3(119 60 113)
3(119 301 60)
3(301 113 60)
3(119 113 301)
3(111 41 297)
3(303 297 41)
3(303 41 111)
3(303 111 297)
3(197 182 192)
3(192 182 166)
3(197 192 166)
3(207 203 180)
3(207 205 203)
3(180 203 205)
3(207 180 205)
3(220 66 70)
3(220 260 66)
3(220 70 260)
3(70 66 260)
3(93 46 150)
3(93 150 45)
3(168 26 27)
3(54 168 27)
3(54 26 168)
3(54 27 26)
3(197 196 151)
3(197 182 196)
3(196 182 151)
3(197 151 182)
3(305 172 106)
3(141 106 172)
3(141 172 305)
3(141 305 106)
3(277 254 278)
3(302 277 278)
3(302 278 254)
3(302 254 277)
3(154 196 151)
3(196 53 151)
3(279 85 303)
3(85 96 303)
3(279 96 85)
3(160 167 25)
3(153 160 25)
3(153 25 167)
3(179 222 171)
3(82 171 222)
3(82 179 171)
3(82 222 179)
3(168 26 73)
3(168 73 27)
3(202 180 214)
3(236 202 214)
3(236 180 202)
3(236 214 180)
3(92 46 184)
3(184 46 93)
3(92 184 93)
3(188 232 194)
3(188 187 232)
3(232 187 194)
3(188 194 187)
3(250 208 232)
3(250 248 208)
3(250 232 248)
3(232 208 248)
3(188 232 208)
3(188 208 194)
3(194 208 232)
3(232 181 210)
3(210 181 209)
3(236 253 237)
3(236 256 253)
3(236 237 256)
3(253 256 237)
3(76 80 288)
3(76 288 263)
3(80 263 288)
3(76 263 80)
3(172 122 106)
3(172 106 107)
3(172 107 122)
3(191 160 192)
3(191 192 167)
3(191 167 160)
3(306 60 301)
3(281 306 301)
3(281 60 306)
3(103 210 250)
3(234 250 210)
3(234 103 250)
3(234 210 103)
3(291 289 174)
3(291 174 264)
3(174 289 264)
3(291 264 289)
3(122 305 172)
3(277 301 282)
3(281 301 277)
3(213 215 180)
3(213 180 205)
3(180 215 205)
3(245 262 267)
3(262 243 267)
3(245 243 262)
3(245 267 243)
3(56 164 219)
3(56 213 164)
3(219 164 213)
3(220 62 221)
3(220 221 217)
3(220 217 62)
3(62 217 221)
3(259 70 260)
3(177 260 70)
3(91 92 189)
3(169 189 92)
3(169 91 189)
3(169 92 91)
3(156 256 214)
3(214 256 239)
3(156 214 239)
3(156 239 256)
3(202 212 214)
3(202 180 212)
3(212 180 214)
3(295 296 271)
3(271 296 254)
3(295 271 254)
3(295 254 296)
3(16 59 112)
3(74 284 159)
3(159 284 261)
3(74 261 284)
3(74 159 261)
3(241 249 224)
3(170 249 241)
3(170 224 249)
3(170 241 224)
3(253 208 178)
3(270 178 208)
3(253 178 270)
3(253 270 208)
3(232 181 208)
3(210 232 208)
3(111 296 290)
3(111 290 129)
3(296 129 290)
3(172 49 107)
3(172 106 49)
3(161 83 162)
3(161 162 262)
3(161 262 83)
3(262 162 83)
3(57 56 219)
3(57 219 12)
3(56 12 219)
3(164 57 219)
3(164 219 238)
3(238 219 57)
3(164 238 57)
3(21 90 66)
3(22 66 90)
3(244 270 175)
3(244 175 268)
3(270 268 175)
3(244 268 270)
3(57 56 164)
3(219 11 151)
3(198 235 239)
3(198 212 235)
3(198 239 212)
3(239 235 212)
3(10 9 213)
3(155 213 9)
3(155 10 213)
3(57 137 12)
3(219 12 137)
3(219 137 57)
3(195 112 306)
3(59 195 306)
3(59 306 112)
3(151 10 219)
3(213 10 151)
3(213 151 219)
3(218 208 207)
3(218 207 210)
3(218 210 208)
3(207 216 208)
3(218 216 207)
3(218 207 209)
3(218 209 210)
3(210 209 207)
3(218 207 211)
3(218 211 209)
3(213 151 197)
3(201 197 151)
3(213 197 201)
3(213 201 151)
3(79 225 28)
3(139 225 79)
3(169 230 224)
3(169 224 231)
3(169 231 230)
3(224 230 231)
3(199 273 242)
3(242 273 252)
3(199 252 273)
3(199 242 252)
3(49 172 136)
3(141 172 49)
3(141 136 172)
3(110 39 304)
3(110 283 39)
3(283 304 39)
3(110 304 283)
3(161 162 171)
3(222 161 171)
3(222 171 162)
3(222 162 161)
3(67 62 217)
3(67 217 23)
3(217 62 23)
3(230 185 169)
3(224 169 185)
3(230 224 185)
3(241 77 224)
3(224 77 36)
3(241 36 77)
3(241 224 36)
3(194 169 230)
3(185 194 230)
3(185 169 194)
3(236 208 216)
3(236 216 237)
3(236 237 208)
3(220 66 221)
3(62 221 66)
3(220 62 66)
3(178 254 186)
3(178 278 254)
3(278 186 254)
3(178 186 278)
3(274 256 257)
3(277 256 274)
3(277 257 256)
3(277 274 257)
3(55 8 217)
3(152 55 217)
3(152 217 8)
3(152 8 55)
3(80 115 288)
3(287 80 288)
3(287 115 80)
3(287 288 115)
3(195 280 275)
3(280 145 275)
3(195 145 280)
3(195 275 145)
3(292 284 142)
3(142 284 265)
3(292 265 284)
3(292 142 265)
3(230 170 247)
3(230 228 170)
3(228 247 170)
3(230 247 228)
3(283 39 84)
3(283 20 39)
3(283 84 20)
3(241 170 77)
3(76 241 77)
3(76 77 170)
3(76 170 241)
3(272 186 254)
3(272 271 186)
3(271 254 186)
3(272 254 271)
3(33 80 288)
3(33 288 76)
3(131 126 299)
3(298 131 299)
3(298 126 131)
3(298 299 126)
3(292 107 123)
3(172 292 123)
3(172 123 107)
3(172 107 292)
3(256 175 156)
3(256 214 175)
3(169 230 232)
3(169 232 194)
3(232 230 194)
3(31 284 30)
3(30 284 5)
3(217 44 8)
3(217 8 2)
3(217 2 44)
3(273 163 265)
3(265 163 148)
3(273 265 148)
3(273 148 163)
3(69 280 64)
3(69 64 238)
3(238 64 280)
3(69 238 280)
3(108 292 107)
3(239 258 259)
3(239 69 258)
3(258 69 259)
3(239 259 69)
3(81 263 262)
3(80 262 263)
3(81 262 80)
3(81 80 263)
3(124 286 128)
3(124 114 286)
3(114 128 286)
3(130 286 128)
3(63 215 9)
3(215 55 9)
3(63 55 215)
3(293 123 172)
3(293 292 123)
3(293 172 292)
3(265 139 261)
3(265 140 139)
3(265 261 140)
3(261 139 140)
3(269 288 295)
3(288 286 295)
3(269 286 288)
3(236 204 208)
3(236 233 204)
3(236 208 233)
3(67 8 217)
3(55 67 217)
3(256 156 274)
3(256 257 156)
3(274 156 257)
3(75 83 262)
3(80 75 262)
3(80 262 83)
3(287 115 114)
3(287 32 115)
3(287 114 32)
3(121 129 288)
3(121 288 128)
3(288 129 128)
3(121 289 290)
3(121 290 118)
3(290 289 118)
3(121 118 289)
3(42 41 297)
3(61 158 66)
3(158 21 66)
3(61 21 158)
3(303 304 85)
3(279 85 304)
3(279 304 303)
3(134 53 165)
3(154 53 134)
3(154 134 165)
3(202 214 175)
3(236 202 175)
3(236 175 214)
3(86 41 297)
3(86 303 297)
3(86 41 303)
3(277 254 253)
3(254 278 253)
3(228 248 194)
3(248 246 194)
3(228 194 246)
3(228 246 248)
3(193 191 167)
3(191 179 167)
3(193 179 191)
3(193 167 179)
3(91 37 189)
3(92 189 37)
3(299 300 301)
3(299 301 132)
3(299 132 300)
3(132 301 300)
3(225 190 227)
3(226 227 190)
3(226 190 225)
3(167 24 184)
3(167 184 72)
3(167 72 24)
3(72 184 24)
3(169 189 224)
3(169 185 189)
3(224 189 185)
3(142 51 108)
3(142 108 50)
3(292 108 142)
3(142 108 284)
3(197 204 180)
3(197 202 204)
3(197 180 202)
3(202 180 204)
3(160 78 25)
3(160 167 78)
3(167 25 78)
3(63 9 213)
3(10 63 213)
3(250 178 234)
3(208 250 234)
3(208 178 250)
3(208 234 178)
3(54 134 168)
3(154 168 134)
3(154 54 168)
3(154 134 54)
3(109 108 285)
3(109 284 108)
3(109 285 284)
3(22 62 99)
3(22 221 62)
3(62 221 99)
3(11 10 219)
3(232 103 98)
3(292 136 108)
3(107 136 292)
3(107 108 136)
3(142 136 108)
3(292 136 142)
3(137 133 235)
3(137 235 146)
3(146 235 133)
3(281 200 259)
3(277 281 259)
3(277 200 281)
3(224 91 169)
3(224 231 91)
3(169 91 231)
3(195 276 275)
3(195 280 276)
3(280 275 276)
3(181 208 188)
3(208 216 204)
3(60 18 119)
3(60 113 18)
3(146 157 275)
3(251 157 146)
3(251 275 157)
3(251 146 275)
3(256 236 177)
3(236 260 177)
3(256 260 236)
3(119 60 17)
3(284 159 285)
3(159 74 285)
3(284 285 74)
3(270 244 233)
3(270 233 246)
3(270 246 244)
3(232 231 169)
3(232 98 231)
3(169 231 98)
3(217 44 23)
3(217 23 99)
3(220 236 216)
3(220 216 237)
3(220 237 236)
3(149 205 155)
3(203 205 149)
3(203 155 205)
3(203 149 155)
3(76 35 264)
3(291 264 35)
3(291 35 76)
3(291 76 264)
3(255 234 250)
3(255 178 234)
3(255 250 178)
3(68 220 70)
3(177 70 220)
3(68 177 220)
3(68 70 177)
3(217 220 218)
3(221 218 220)
3(217 218 221)
3(151 197 155)
3(151 155 213)
3(196 201 197)
3(196 151 201)
3(280 58 138)
3(280 138 195)
3(58 195 138)
3(138 58 14)
3(138 15 58)
3(306 258 259)
3(306 257 258)
3(306 259 257)
3(257 259 258)
3(252 298 172)
3(293 298 252)
3(293 252 172)
3(152 211 44)
3(152 44 217)
3(304 85 40)
3(85 303 40)
3(178 254 272)
3(119 306 17)
3(119 60 306)
3(306 60 17)
3(225 265 139)
3(261 225 139)
3(261 265 225)
3(244 166 191)
3(191 166 227)
3(244 227 166)
3(290 271 295)
3(290 296 271)
3(290 295 296)
3(112 119 306)
3(17 112 306)
3(298 195 306)
3(195 276 306)
3(298 276 195)
3(298 306 276)
3(58 14 280)
3(138 280 14)
3(258 65 306)
3(306 65 259)
3(258 259 65)
3(69 177 71)
3(177 70 71)
3(245 262 162)
3(262 263 162)
3(245 162 263)
3(245 263 262)
3(161 83 171)
3(83 162 171)
3(163 242 273)
3(242 265 273)
3(163 265 242)
3(142 51 284)
3(51 108 284)
3(40 304 110)
3(40 39 304)
3(104 250 101)
3(186 101 250)
3(186 250 104)
3(186 104 101)
3(140 148 265)
3(148 139 265)
3(214 177 239)
3(214 256 177)
3(177 256 239)
3(284 30 74)
3(284 74 31)
3(159 75 83)
3(159 83 262)
3(159 262 75)
3(295 128 129)
3(294 129 128)
3(295 129 294)
3(295 294 128)
3(298 127 306)
3(127 195 306)
3(298 195 127)
3(239 235 157)
3(238 157 235)
3(238 235 239)
3(238 239 157)
3(147 273 144)
3(148 144 273)
3(148 273 147)
3(198 157 239)
3(198 235 157)
3(143 280 145)
3(143 145 275)
3(143 275 280)
3(17 59 112)
3(172 136 273)
3(273 136 265)
3(172 273 265)
3(161 266 242)
3(266 265 242)
3(161 242 265)
3(258 239 156)
3(280 239 258)
3(280 258 156)
3(280 156 239)
3(69 65 259)
3(273 275 199)
3(251 199 275)
3(275 273 141)
3(144 275 141)
3(144 141 273)
3(277 282 206)
3(277 278 282)
3(277 206 278)
3(206 282 278)
3(124 285 108)
3(292 285 124)
3(244 233 175)
3(175 233 270)
3(275 172 141)
3(275 273 172)
3(172 273 141)
3(306 301 119)
3(306 119 126)
3(306 126 301)
3(119 301 126)
3(61 283 307)
3(61 307 282)
3(61 282 283)
3(282 307 283)
3(232 103 250)
3(250 103 98)
3(232 250 98)
3(188 187 209)
3(232 209 187)
3(242 227 199)
3(244 227 242)
3(244 199 227)
3(244 242 199)
3(212 177 164)
3(212 239 177)
3(239 164 177)
3(212 164 239)
3(88 264 95)
3(88 35 264)
3(294 300 274)
3(294 299 300)
3(299 274 300)
3(184 189 92)
3(169 189 184)
3(169 184 92)
3(33 115 288)
3(33 80 115)
3(80 287 262)
3(75 262 287)
3(80 75 287)
3(46 38 184)
3(184 38 24)
3(46 24 38)
3(46 184 24)
3(126 127 306)
3(298 127 126)
3(298 126 306)
3(68 215 217)
3(220 217 215)
3(68 217 220)
3(68 220 215)
3(238 275 146)
3(238 146 157)
3(238 157 275)
3(113 18 61)
3(113 61 60)
3(281 61 60)
3(281 307 61)
3(61 307 60)
3(141 48 305)
3(135 305 48)
3(105 135 195)
3(105 195 305)
3(135 305 195)
3(105 305 135)
3(136 107 172)
3(265 284 261)
3(159 284 265)
3(159 265 261)
3(229 204 166)
3(202 229 166)
3(202 204 229)
3(202 166 204)
3(261 83 161)
3(261 159 83)
3(161 83 159)
3(261 161 159)
3(152 149 205)
3(152 205 155)
3(158 260 278)
3(278 260 282)
3(158 278 282)
3(158 282 260)
3(206 300 125)
3(301 125 300)
3(301 300 206)
3(301 206 125)
3(183 218 220)
3(218 216 220)
3(183 220 216)
3(183 216 218)
3(218 102 210)
3(89 218 210)
3(89 102 218)
3(89 210 102)
3(291 116 43)
3(291 43 118)
3(291 118 116)
3(261 83 79)
3(161 79 83)
3(261 79 161)
3(152 183 205)
3(149 205 183)
3(152 149 183)
3(215 152 205)
3(215 155 152)
3(249 271 247)
3(240 271 249)
3(267 173 262)
3(262 173 245)
3(105 106 305)
3(105 305 127)
3(305 48 106)
3(305 105 48)
3(215 183 205)
3(215 152 183)
3(172 123 122)
3(142 284 140)
3(140 284 265)
3(142 140 265)
3(283 19 20)
3(61 19 283)
3(61 283 20)
3(39 19 283)
3(110 283 19)
3(84 304 39)
3(283 304 84)
3(281 70 60)
3(61 70 281)
3(30 284 51)
3(51 284 5)
3(126 299 132)
3(131 132 299)
3(287 115 128)
3(287 128 114)
3(127 112 306)
3(50 136 108)
3(124 285 286)
3(124 114 285)
3(286 285 114)
3(284 30 140)
3(284 140 74)
3(30 74 140)
3(51 140 284)
3(182 196 198)
3(197 198 196)
3(229 208 188)
3(188 208 204)
3(229 188 204)
3(68 220 66)
3(215 217 55)
3(68 215 55)
3(68 55 217)
3(215 152 55)
3(215 217 152)
3(120 300 206)
3(302 206 300)
3(135 195 145)
3(138 195 135)
3(138 145 195)
3(266 161 262)
3(161 159 262)
3(266 262 159)
3(64 14 280)
3(58 64 280)
3(78 26 160)
3(160 26 25)
3(161 226 222)
3(161 171 226)
3(226 171 222)
3(213 212 177)
3(213 177 164)
3(213 164 212)
3(168 134 27)
3(168 225 134)
3(134 225 27)
3(168 27 225)
3(174 101 186)
3(174 186 297)
3(174 297 101)
3(297 186 101)
3(140 284 261)
3(148 265 142)
3(270 245 269)
3(270 267 245)
3(218 210 234)
3(210 208 234)
3(257 299 200)
3(257 306 299)
3(306 200 299)
3(257 200 306)
3(229 246 193)
3(194 246 229)
3(194 193 246)
3(194 229 193)
3(174 249 186)
3(249 101 186)
3(174 101 249)
3(228 230 194)
3(228 248 230)
3(230 248 194)
3(245 162 243)
3(245 243 228)
3(228 243 162)
3(270 274 254)
3(274 253 254)
3(270 253 274)
3(270 254 253)
3(188 181 207)
3(188 207 208)
3(229 166 192)
3(191 192 166)
3(191 166 229)
3(191 229 192)
3(140 74 261)
3(266 243 161)
3(161 243 242)
3(266 242 243)
3(225 163 139)
3(265 139 163)
3(265 163 225)
3(94 84 279)
3(279 84 85)
3(94 279 85)
3(86 96 303)
3(85 86 303)
3(266 243 267)
3(266 262 243)
3(266 267 262)
3(275 146 143)
3(143 146 238)
3(275 143 238)
3(74 83 261)
3(159 83 74)
3(196 133 219)
3(52 133 196)
3(52 219 133)
3(160 25 154)
3(153 160 154)
3(183 218 217)
3(220 183 217)
3(234 255 158)
3(237 158 255)
3(237 255 234)
3(269 271 270)
3(270 271 176)
3(269 176 271)
3(177 215 213)
3(213 215 71)
3(177 213 71)
3(239 214 212)
3(177 212 214)
3(249 95 264)
3(249 264 241)
3(241 264 95)
3(154 182 151)
3(196 182 154)
3(178 248 272)
3(178 272 270)
3(178 270 248)
3(270 272 248)
3(270 267 274)
3(270 268 267)
3(268 274 267)
3(270 274 268)
3(73 79 171)
3(73 225 79)
3(225 171 79)
3(73 171 225)
3(274 176 270)
3(270 176 254)
3(274 254 176)
3(291 174 118)
3(87 174 291)
3(87 291 118)
3(87 118 174)
3(160 179 78)
3(179 167 78)
3(160 167 179)
3(224 91 189)
3(249 224 91)
3(224 241 91)
3(225 190 182)
3(227 225 182)
3(227 182 190)
3(232 231 230)
3(277 300 301)
3(277 299 300)
3(188 149 153)
3(188 203 149)
3(149 203 153)
3(179 223 72)
3(185 223 179)
3(185 179 72)
3(185 72 223)
3(156 157 199)
3(156 275 157)
3(156 199 275)
3(275 199 157)
3(211 44 149)
3(152 211 149)
3(199 163 242)
3(192 182 153)
3(192 160 182)
3(153 182 160)
3(213 177 180)
3(180 177 215)
3(261 74 79)
3(198 212 214)
3(202 198 214)
3(202 212 198)
3(215 9 213)
3(63 215 213)
3(154 182 153)
3(153 182 151)
3(126 299 301)
3(271 270 245)
3(271 245 269)
3(243 226 242)
3(244 242 226)
3(243 244 226)
3(243 242 244)
3(184 150 187)
3(93 187 150)
3(93 150 184)
3(66 221 260)
3(220 260 221)
3(283 279 282)
3(158 279 283)
3(158 282 279)
3(158 283 282)
3(97 249 91)
3(95 249 97)
3(272 250 248)
3(250 178 248)
3(97 250 101)
3(104 250 97)
3(263 170 240)
3(263 240 76)
3(263 76 170)
3(240 170 76)
3(261 74 29)
3(261 29 79)
3(62 99 23)
3(281 70 259)
3(281 259 60)
3(294 131 132)
3(294 299 131)
3(294 132 299)
3(249 250 101)
3(97 250 249)
3(97 249 101)
3(87 88 264)
3(87 264 95)
3(59 306 65)
3(17 65 306)
3(59 17 306)
3(224 249 231)
3(224 230 249)
3(231 249 230)
3(203 229 166)
3(203 192 229)
3(203 166 192)
3(249 91 231)
3(249 231 97)
3(91 97 231)
3(131 130 294)
3(130 132 294)
3(192 197 153)
3(197 182 153)
3(277 274 253)
3(277 254 274)
3(262 162 243)
3(51 284 109)
3(271 249 272)
3(271 186 249)
3(249 186 272)
3(148 265 136)
3(136 265 142)
3(249 272 247)
3(271 247 272)
3(179 78 171)
3(160 171 78)
3(153 151 197)
3(153 197 155)
3(226 191 171)
3(226 190 191)
3(191 190 171)
3(226 171 190)
3(275 252 276)
3(305 252 275)
3(305 275 276)
3(305 276 252)
3(275 172 305)
3(141 275 305)
3(174 95 264)
3(249 95 174)
3(249 174 264)
3(64 14 143)
3(143 14 280)
3(64 143 280)
3(256 274 253)
3(256 253 277)
3(254 271 176)
3(270 271 254)
3(215 9 155)
3(198 202 175)
3(198 175 244)
3(244 175 202)
3(198 244 202)
3(246 248 208)
3(246 208 270)
3(270 208 248)
3(246 270 248)
3(259 281 260)
3(281 70 260)
3(294 298 131)
3(158 66 260)
3(61 260 66)
3(61 158 260)
3(184 150 167)
3(184 167 187)
3(29 74 140)
3(161 226 243)
3(226 222 243)
3(161 243 222)
3(304 85 84)
3(304 84 40)
3(41 303 40)
3(85 303 41)
3(133 53 165)
3(134 133 165)
3(135 195 59)
3(135 59 105)
3(290 111 297)
3(296 290 297)
3(279 94 283)
3(283 94 84)
3(279 283 84)
3(258 59 306)
3(258 65 59)
3(258 195 306)
3(258 59 195)
3(39 19 20)
3(192 182 191)
3(191 182 166)
3(267 243 268)
3(270 243 267)
3(270 268 243)
3(58 69 280)
3(191 160 182)
3(160 190 182)
3(225 160 182)
3(198 156 199)
3(198 199 175)
3(156 175 199)
3(235 133 219)
3(196 133 235)
3(196 235 219)
3(156 198 157)
3(156 239 198)
3(156 157 239)
3(160 78 73)
3(160 73 26)
3(72 78 179)
3(72 167 78)
3(72 179 167)
3(81 263 162)
3(262 81 162)
3(232 210 250)
3(274 175 156)
3(256 175 274)
3(224 37 189)
3(91 37 224)
3(307 19 283)
3(61 19 307)
3(289 174 118)
3(291 289 118)
3(93 209 89)
3(45 209 93)
3(62 217 68)
3(67 68 217)
3(198 235 196)
3(165 235 198)
3(165 198 196)
3(165 196 235)
3(218 102 234)
3(234 102 210)
3(211 218 217)
3(183 218 211)
3(212 196 198)
3(212 235 196)
3(217 67 2)
3(127 195 305)
3(87 264 291)
3(87 174 264)
3(283 279 206)
3(206 279 282)
3(283 206 282)
3(279 304 283)
3(206 283 304)
3(213 180 197)
3(180 205 197)
3(258 276 306)
3(195 276 258)
3(242 265 252)
3(273 252 265)
3(213 212 180)
3(180 212 177)
3(225 165 182)
3(165 154 182)
3(225 182 154)
3(225 154 165)
3(270 253 175)
3(274 175 253)
3(270 175 274)
3(64 13 143)
3(225 161 171)
3(225 226 161)
3(225 171 226)
3(159 292 284)
3(213 212 197)
3(180 197 212)
3(143 280 138)
3(280 145 138)
3(212 197 201)
3(213 212 201)
3(215 152 9)
3(152 55 9)
3(203 204 166)
3(203 229 204)
3(220 180 236)
3(220 236 177)
3(220 177 180)
3(236 180 177)
3(83 79 171)
3(83 171 82)
3(82 171 79)
3(191 222 171)
3(179 222 191)
3(220 180 216)
3(286 292 293)
3(286 293 266)
3(286 266 292)
3(266 293 292)
3(220 183 215)
3(215 183 217)
3(188 209 150)
3(188 150 149)
3(188 149 209)
3(149 150 209)
3(183 215 180)
3(183 180 220)
3(220 180 215)
3(180 203 204)
3(197 203 180)
3(197 204 203)
3(205 180 183)
3(226 191 222)
3(167 24 150)
3(24 184 150)
3(11 219 56)
3(146 157 235)
3(146 235 238)
3(56 63 213)
3(235 137 219)
3(137 133 219)
3(279 96 255)
3(94 96 279)
3(217 23 2)
3(185 184 72)
3(185 167 184)
3(185 72 167)
3(150 187 209)
3(158 260 237)
3(278 237 260)
3(158 237 278)
3(170 249 230)
3(247 230 249)
3(103 100 234)
3(104 103 234)
3(104 234 100)
3(207 188 209)
3(207 209 181)
3(153 203 197)
3(197 203 192)
3(158 90 234)
3(221 90 158)
3(188 192 193)
3(229 188 193)
3(229 192 188)
3(229 193 192)
3(103 104 250)
3(250 104 98)
3(246 222 193)
3(228 246 193)
3(228 222 246)
3(188 150 153)
3(158 100 234)
3(158 90 100)
3(100 90 234)
3(213 63 71)
3(63 215 71)
3(228 223 222)
3(179 223 228)
3(179 222 223)
3(156 275 252)
3(156 276 275)
3(156 252 276)
3(271 186 174)
3(271 174 249)
3(198 157 199)
3(208 246 194)
3(248 208 194)
3(170 263 162)
3(81 263 170)
3(292 124 286)
3(292 293 124)
3(185 194 193)
3(185 228 194)
3(185 193 228)
3(228 193 194)
3(120 300 125)
3(206 120 125)
3(290 129 121)
3(290 121 111)
3(240 249 241)
3(240 241 170)
3(207 204 180)
3(207 203 204)
3(207 188 149)
3(156 258 259)
3(156 259 239)
3(266 268 267)
3(266 243 268)
3(251 165 227)
3(227 165 163)
3(251 227 163)
3(251 163 165)
3(157 235 251)
3(146 251 235)
3(275 172 252)
3(305 252 172)
3(275 273 252)
3(172 252 273)
3(141 145 275)
3(275 145 144)
3(235 165 251)
3(165 133 251)
3(235 133 165)
3(235 251 133)
3(159 292 265)
3(165 251 198)
3(198 251 235)
3(124 285 109)
3(280 275 157)
3(156 280 157)
3(156 275 280)
3(295 294 176)
3(294 269 176)
3(295 176 269)
3(266 265 252)
3(242 266 252)
3(121 290 288)
3(290 129 288)
3(161 79 171)
3(158 100 255)
3(234 255 100)
3(82 162 171)
3(83 162 82)
3(132 300 125)
3(306 301 200)
3(281 306 200)
3(281 200 301)
3(219 238 235)
3(164 235 238)
3(164 219 235)
3(191 227 190)
3(4 291 34)
3(4 43 291)
3(43 34 291)
3(179 82 72)
3(82 223 72)
3(179 223 82)
3(118 290 111)
3(249 250 186)
3(191 222 246)
3(244 191 246)
3(244 222 191)
3(244 246 222)
3(147 251 144)
3(273 251 147)
3(56 164 69)
3(57 69 164)
3(246 191 193)
3(191 222 193)
3(211 149 45)
3(45 149 209)
3(229 246 191)
3(193 229 191)
3(38 189 92)
3(38 184 189)
3(38 92 184)
3(291 88 264)
3(87 88 291)
3(167 72 25)
3(167 25 24)
3(82 78 179)
3(185 189 184)
3(169 185 184)
3(159 75 74)
3(75 74 285)
3(253 208 237)
3(178 253 237)
3(178 237 208)
3(208 210 250)
3(104 234 250)
3(104 250 255)
3(104 255 234)
3(236 253 208)
3(236 253 175)
3(236 175 233)
3(253 233 175)
3(236 233 253)
3(236 214 256)
3(177 214 236)
3(236 256 175)
3(253 175 256)
3(305 195 145)
3(59 195 58)
3(59 58 258)
3(136 273 141)
3(138 195 59)
3(138 59 135)
3(38 189 37)
3(184 189 72)
3(38 184 72)
3(38 72 189)
3(256 257 259)
3(156 259 257)
3(156 256 259)
3(228 223 162)
3(222 228 162)
3(158 283 94)
3(21 94 283)
3(21 283 158)
3(21 158 94)
3(221 66 158)
3(158 66 90)
3(221 90 66)
3(256 277 259)
3(258 280 69)
3(239 69 280)
3(280 258 276)
3(156 276 258)
3(156 280 276)
3(105 48 135)
3(59 47 135)
3(47 105 135)
3(198 239 214)
3(266 292 265)
3(159 292 266)
3(121 288 116)
3(115 116 288)
3(115 288 121)
3(265 252 292)
3(266 292 252)
3(76 289 34)
3(291 34 289)
3(76 34 291)
3(76 291 289)
3(4 291 35)
3(291 34 35)
3(170 263 245)
3(290 174 271)
3(290 271 297)
3(271 174 297)
3(33 76 289)
3(33 289 34)
3(252 199 275)
3(156 199 252)
3(294 176 300)
3(294 300 295)
3(295 300 176)
3(274 199 175)
3(175 199 268)
3(274 175 268)
3(126 112 306)
3(138 58 59)
3(243 161 262)
3(195 298 305)
3(195 305 276)
3(298 276 305)
3(283 20 94)
3(283 21 20)
3(167 192 193)
3(188 192 167)
3(188 167 193)
3(207 205 149)
3(203 207 149)
3(198 227 251)
3(165 227 198)
3(207 216 204)
3(208 207 204)
3(65 60 306)
3(306 60 259)
3(160 26 154)
3(267 294 269)
3(161 162 243)
3(257 258 276)
3(306 257 276)
3(158 221 260)
3(298 305 127)
3(178 278 253)
3(254 178 253)
3(211 218 99)
3(99 218 217)
3(277 301 206)
3(244 199 175)
3(198 199 244)
3(154 182 160)
3(185 189 72)
3(196 53 52)
3(133 53 196)
3(133 196 165)
3(87 101 297)
3(86 297 101)
3(185 228 170)
3(185 230 228)
3(185 170 230)
3(220 177 260)
3(22 221 66)
3(237 221 260)
3(185 228 223)
3(228 170 223)
3(185 223 170)
3(56 71 213)
3(258 58 69)
3(236 260 220)
3(137 219 238)
3(137 238 235)
3(202 175 233)
3(236 202 233)
3(256 260 237)
3(236 237 260)
3(274 267 266)
3(274 266 268)
3(227 165 225)
3(227 225 163)
3(225 165 163)
3(225 134 154)
3(225 154 168)
3(165 182 227)
3(197 205 203)
3(197 203 155)
3(147 163 139)
3(225 147 139)
3(225 163 147)
3(148 139 163)
3(224 37 77)
3(189 77 37)
3(189 224 77)
3(185 194 187)
3(194 193 187)
3(185 187 193)
3(197 202 212)
3(197 198 202)
3(197 212 198)
3(251 199 157)
3(172 252 292)
3(265 252 172)
3(294 274 266)
3(266 274 293)
3(294 293 274)
3(294 266 293)
3(173 288 286)
3(173 286 287)
3(173 287 288)
3(287 286 288)
3(244 229 166)
3(202 244 166)
3(199 163 227)
3(242 227 163)
3(191 244 229)
3(278 237 255)
3(178 237 278)
3(178 255 237)
3(178 278 255)
3(121 289 288)
3(274 199 156)
3(289 174 290)
3(191 182 227)
3(87 42 118)
3(87 118 43)
3(241 95 36)
3(241 36 91)
3(185 187 184)
3(185 167 187)
3(295 288 290)
3(295 290 129)
3(295 129 288)
3(249 231 250)
3(240 263 245)
3(230 170 224)
3(242 252 268)
3(199 242 268)
3(138 15 59)
3(238 69 57)
3(238 57 64)
3(195 305 275)
3(266 252 268)
3(242 266 268)
3(174 289 240)
3(240 289 264)
3(174 240 264)
3(261 140 29)
3(303 297 186)
3(86 303 186)
3(86 186 297)
3(118 87 297)
3(278 260 277)
3(277 260 237)
3(256 260 277)
3(256 277 237)
3(240 263 269)
3(245 269 263)
3(240 269 245)
3(121 289 116)
3(288 116 289)
3(304 279 84)
3(21 90 158)
3(61 21 283)
3(61 283 158)
3(185 228 179)
3(297 271 296)
3(271 186 296)
3(297 186 271)
3(186 96 255)
3(257 299 277)
3(307 283 110)
3(307 206 283)
3(307 110 206)
3(206 110 283)
3(158 255 278)
3(253 233 270)
3(274 257 299)
3(277 274 299)
3(110 117 304)
3(154 26 168)
3(277 254 300)
3(274 300 254)
3(277 300 274)
3(240 290 174)
3(240 271 290)
3(240 174 271)
3(113 19 61)
3(290 269 295)
3(290 271 269)
3(295 269 271)
3(290 269 288)
3(240 76 288)
3(240 288 263)
3(251 198 157)
3(251 199 198)
3(76 288 289)
3(240 76 289)
3(58 258 65)
3(298 305 172)
3(122 305 298)
3(177 69 164)
3(239 164 69)
3(177 239 69)
3(77 223 72)
3(82 223 77)
3(291 34 116)
3(291 116 289)
3(34 289 116)
3(76 36 264)
3(171 73 82)
3(33 288 289)
3(43 291 88)
3(4 88 291)
3(306 298 257)
3(298 299 257)
3(306 299 298)
3(87 174 95)
3(291 88 35)
3(305 252 298)
3(102 100 234)
3(103 102 234)
3(220 218 237)
3(299 306 301)
3(278 302 186)
3(278 279 302)
3(113 60 307)
3(301 113 307)
3(126 299 306)
3(302 206 278)
3(302 277 206)
3(240 290 269)
3(240 269 288)
3(43 87 291)
3(294 266 267)
3(286 267 266)
3(286 294 267)
3(286 266 294)
3(254 186 296)
3(281 306 259)
3(306 200 259)
3(123 293 122)
3(127 122 298)
3(131 127 298)
3(147 133 251)
3(165 133 147)
3(165 147 251)
3(56 71 164)
3(164 71 213)
3(57 137 13)
3(147 146 251)
3(146 133 251)
3(160 190 191)
3(191 190 182)
3(73 225 28)
3(161 226 242)
3(191 192 193)
3(82 78 171)
3(165 147 134)
3(225 134 147)
3(165 225 147)
3(165 134 225)
3(169 187 194)
3(237 218 221)
3(218 234 221)
3(211 183 207)
3(218 207 183)
3(212 197 196)
3(212 196 201)
3(185 179 167)
3(185 169 187)
3(249 230 250)
3(250 230 231)
3(224 37 36)
3(91 36 224)
3(288 128 295)
3(128 286 295)
3(288 286 128)
3(241 36 76)
3(116 289 118)
3(208 246 229)
3(208 229 194)
3(249 250 272)
3(258 65 69)
3(185 193 179)
3(294 130 293)
3(294 293 286)
3(294 286 130)
3(249 272 230)
3(272 247 230)
3(198 244 166)
3(198 166 202)
3(62 220 68)
3(196 182 165)
3(123 124 293)
3(171 78 73)
3(171 73 160)
3(28 225 27)
3(77 185 72)
3(77 223 185)
3(257 276 156)
3(257 274 276)
3(274 156 276)
3(76 170 81)
3(76 81 263)
3(194 193 188)
3(188 193 187)
3(220 215 177)
3(238 280 275)
3(238 157 280)
3(68 215 63)
3(173 267 286)
3(173 286 269)
3(286 267 269)
3(207 205 183)
3(149 207 183)
3(211 44 45)
3(295 120 129)
3(295 129 296)
3(295 296 120)
3(233 202 204)
3(156 257 258)
3(259 256 239)
3(177 259 239)
3(178 254 270)
3(270 254 272)
3(245 228 247)
3(113 301 125)
3(119 125 301)
3(254 295 176)
3(295 271 176)
3(33 116 288)
3(295 132 129)
3(261 29 139)
3(261 139 79)
3(237 221 220)
3(237 220 260)
3(277 260 259)
3(110 307 19)
3(302 186 254)
3(278 279 282)
3(206 279 278)
3(298 257 276)
3(158 279 278)
3(206 304 110)
3(206 110 117)
3(174 95 101)
3(87 174 101)
3(240 264 241)
3(240 249 264)
3(249 95 101)
3(246 208 233)
3(270 233 208)
3(294 131 293)
3(228 247 248)
3(270 228 248)
3(270 247 228)
3(270 248 247)
3(287 263 80)
3(287 262 263)
3(230 250 272)
3(61 70 260)
3(73 225 27)
3(248 272 230)
3(250 248 230)
3(158 94 90)
3(137 52 219)
3(158 100 94)
3(240 271 269)
3(287 263 288)
3(33 289 116)
3(81 223 77)
3(241 36 264)
3(241 264 76)
3(103 209 89)
3(69 71 164)
3(57 238 137)
3(69 164 238)
3(104 186 255)
3(250 255 186)
3(230 247 248)
3(188 153 167)
3(207 188 203)
3(186 104 96)
3(186 96 101)
3(104 255 100)
3(104 255 96)
3(115 288 128)
3(270 246 243)
3(244 243 246)
3(244 270 243)
3(270 246 228)
3(228 246 243)
3(270 228 243)
3(114 285 109)
3(80 32 115)
3(80 287 32)
3(286 159 287)
3(286 287 285)
3(146 137 238)
3(226 222 244)
3(244 222 243)
3(136 273 144)
3(273 136 148)
3(161 242 225)
3(161 225 265)
3(225 242 265)
3(225 161 79)
3(146 251 144)
3(244 199 268)
3(232 250 231)
3(188 194 229)
3(167 150 153)
3(178 208 248)
3(76 289 264)
3(240 76 264)
3(199 227 251)
3(199 198 227)
3(160 168 26)
3(160 73 168)
3(198 244 227)
3(189 72 77)
3(189 77 185)
3(189 72 37)
3(170 77 223)
3(275 145 305)
3(274 257 298)
3(286 267 262)
3(286 262 266)
3(203 153 155)
3(147 163 148)
3(91 98 169)
3(91 231 98)
3(235 164 239)
3(212 164 235)
3(262 286 173)
3(286 262 159)
3(286 159 266)
3(164 71 177)
3(287 262 159)
3(286 262 287)
3(219 201 151)
3(213 201 219)
3(196 219 201)
3(130 294 129)
3(130 128 294)
3(165 198 182)
3(197 202 166)
3(197 166 204)
3(157 239 280)
3(146 275 144)
3(210 89 209)
3(218 209 89)
3(102 99 218)
3(221 102 218)
3(221 99 102)
3(221 218 99)
3(89 99 218)
3(160 225 73)
3(154 160 168)
3(156 252 274)
3(270 271 272)
3(253 233 208)
3(81 77 170)
3(81 83 162)
3(271 247 270)
3(270 247 272)
3(272 247 248)
3(234 237 178)
3(61 282 158)
3(75 285 114)
3(287 114 285)
3(75 114 287)
3(173 288 269)
3(114 31 285)
3(75 285 31)
3(75 31 114)
3(31 285 109)
3(288 263 269)
3(120 302 111)
3(41 303 117)
3(303 297 302)
3(294 298 293)
3(113 307 110)
3(125 110 307)
3(125 307 113)
3(113 307 19)
3(252 274 293)
3(266 274 252)
3(266 252 293)
3(300 274 176)
3(298 274 293)
3(294 129 132)
3(143 13 238)
3(137 143 238)
3(137 238 13)
3(64 13 238)
3(143 64 238)
3(238 164 239)
3(57 13 238)
3(287 114 286)
3(295 132 294)
3(81 83 262)
3(294 300 132)
3(31 74 285)
3(87 297 174)
3(86 96 186)
3(186 86 101)
3(169 92 98)
3(255 186 178)
3(103 210 89)
3(15 135 59)
3(113 61 307)
3(277 300 206)
3(302 300 254)
3(254 300 296)
3(302 254 296)
3(125 307 206)
3(125 301 307)
3(270 247 245)
3(228 270 245)
3(145 275 146)
3(302 300 277)
3(295 300 296)
3(254 300 295)
3(45 150 209)
3(167 24 153)
3(242 244 268)
3(242 268 243)
3(244 243 268)
3(73 225 168)
3(228 222 243)
3(222 246 243)
3(160 154 225)
3(197 166 203)
3(150 93 209)
3(93 187 209)
3(236 204 202)
3(229 203 188)
3(211 183 149)
3(167 193 187)
3(167 193 185)
3(238 143 280)
3(75 32 287)
3(75 114 32)
3(261 225 79)
3(293 252 292)
3(261 161 225)
3(261 265 161)
3(239 238 69)
3(225 163 242)
3(270 245 243)
3(254 176 300)
3(302 303 304)
3(206 125 110)
3(206 117 125)
3(128 286 294)
3(164 213 201)
3(164 201 219)
3(164 212 201)
3(219 201 235)
3(196 235 201)
3(164 201 235)
3(212 201 235)
3(262 287 173)
3(262 173 263)
3(263 173 245)
3(173 263 288)
3(173 287 263)
3(287 128 288)
3(286 128 287)
3(31 284 285)
3(173 263 269)
3(62 99 217)
3(240 174 249)
3(218 211 89)
3(232 248 230)
3(250 232 230)
3(207 204 188)
3(188 204 203)
3(160 225 168)
3(147 273 163)
3(251 147 163)
3(177 180 214)
3(147 165 163)
3(162 222 243)
3(184 46 150)
3(232 248 194)
3(99 221 217)
3(103 102 210)
3(238 280 239)
3(169 92 93)
3(240 241 76)
3(52 0 12)
3(133 53 52)
3(54 53 134)
3(134 53 133)
3(27 6 54)
3(47 15 1)
3(135 47 48)
3(136 49 50)
3(30 51 5)
3(27 54 134)
3(137 12 13)
3(138 14 15)
3(47 135 15)
3(28 139 29)
3(30 29 140)
3(29 139 140)
3(137 52 12)
3(51 30 140)
3(137 133 52)
3(141 49 136)
3(141 48 49)
3(142 50 51)
3(142 136 50)
3(142 51 140)
3(15 135 138)
3(137 13 143)
3(143 13 14)
3(143 14 138)
3(134 28 27)
3(141 135 48)
3(136 144 141)
3(138 135 145)
3(143 138 145)
3(135 141 145)
3(146 137 143)
3(137 146 133)
3(143 145 146)
3(134 139 28)
3(147 139 134)
3(140 139 148)
3(141 144 145)
3(148 144 136)
3(147 148 139)
3(147 134 133)
3(147 133 146)
3(140 148 142)
3(146 145 144)
3(148 136 142)
3(148 147 144)
3(147 146 144)
3(44 2 8)
3(44 149 45)
3(45 150 46)
3(149 150 45)
3(24 7 46)
3(52 11 0)
3(52 53 151)
3(6 26 54)
3(46 150 24)
3(8 9 152)
3(11 52 151)
3(153 25 24)
3(153 24 150)
3(154 26 25)
3(54 26 154)
3(153 154 25)
3(154 151 53)
3(54 154 53)
3(152 9 155)
3(155 9 10)
3(151 10 11)
3(152 44 8)
3(10 151 155)
3(154 153 151)
3(153 150 149)
3(153 149 155)
3(153 155 151)
3(152 155 149)
3(152 149 44)
3(24 38 7)
3(72 24 25)
3(27 26 6)
3(28 73 27)
3(30 74 29)
3(31 30 5)
3(75 31 32)
3(33 34 76)
3(4 35 34)
3(77 36 37)
3(38 24 72)
3(27 73 26)
3(76 34 35)
3(78 25 26)
3(79 73 28)
3(28 29 79)
3(35 36 76)
3(29 74 79)
3(76 36 77)
3(30 31 74)
3(80 75 32)
3(80 32 33)
3(33 76 80)
3(78 26 73)
3(38 72 37)
3(72 25 78)
3(81 76 77)
3(82 78 73)
3(82 73 79)
3(81 80 76)
3(82 72 78)
3(82 81 77)
3(75 74 31)
3(77 37 72)
3(82 77 72)
3(75 83 74)
3(83 79 74)
3(80 83 75)
3(80 81 83)
3(83 82 79)
3(82 83 81)
3(3 20 39)
3(84 40 39)
3(85 41 40)
3(40 84 85)
3(42 41 86)
3(86 41 85)
3(87 43 42)
3(86 87 42)
3(4 43 88)
3(4 88 35)
3(43 87 88)
3(44 23 2)
3(44 45 89)
3(7 38 46)
3(22 90 21)
3(91 37 36)
3(38 37 92)
3(92 37 91)
3(39 20 84)
3(44 89 99)
3(38 92 46)
3(45 93 89)
3(93 45 46)
3(21 94 20)
3(94 84 20)
3(92 93 46)
3(35 95 36)
3(21 90 94)
3(91 36 95)
3(85 96 86)
3(95 97 91)
3(92 98 93)
3(91 98 92)
3(22 99 90)
3(94 85 84)
3(22 23 99)
3(94 90 100)
3(103 93 98)
3(94 96 85)
3(91 97 98)
3(86 101 87)
3(87 95 88)
3(102 90 99)
3(100 96 94)
3(87 101 95)
3(86 96 101)
3(100 90 102)
3(88 95 35)
3(103 89 93)
3(97 95 101)
3(103 102 89)
3(44 99 23)
3(104 96 100)
3(97 104 98)
3(102 99 89)
3(104 101 96)
3(103 100 102)
3(104 97 101)
3(104 100 103)
3(103 98 104)
3(16 47 1)
3(105 48 47)
3(49 48 106)
3(105 106 48)
3(49 107 50)
3(49 106 107)
3(108 51 50)
3(50 107 108)
3(51 109 5)
3(109 31 5)
3(51 108 109)
3(19 3 39)
3(40 110 39)
3(111 41 42)
3(4 34 43)
3(17 112 16)
3(113 18 19)
3(32 31 114)
3(114 31 109)
3(32 115 33)
3(32 114 115)
3(34 33 116)
3(43 34 116)
3(33 115 116)
3(105 47 16)
3(110 19 39)
3(113 19 110)
3(111 117 41)
3(41 117 40)
3(43 118 42)
3(17 119 112)
3(119 17 18)
3(105 16 112)
3(18 113 119)
3(43 116 118)
3(111 42 118)
3(110 40 117)
3(120 117 111)
3(116 121 118)
3(121 111 118)
3(115 121 116)
3(122 107 106)
3(108 107 123)
3(122 123 107)
3(124 109 108)
3(124 114 109)
3(124 108 123)
3(125 110 117)
3(125 113 110)
3(125 117 120)
3(112 119 126)
3(127 105 112)
3(105 127 106)
3(127 112 126)
3(114 128 115)
3(115 128 121)
3(124 128 114)
3(113 125 119)
3(121 129 111)
3(120 111 129)
3(121 128 129)
3(122 106 127)
3(125 126 119)
3(130 124 123)
3(124 130 128)
3(131 123 122)
3(131 122 127)
3(131 127 126)
3(126 125 132)
3(126 132 131)
3(120 132 125)
3(131 130 123)
3(129 132 120)
3(131 132 130)
3(130 132 129)
3(130 129 128)
3(59 65 17)
3(16 1 59)
3(16 59 17)
3(56 10 63)
3(68 71 63)
3(69 56 71)
3(56 69 57)
3(70 71 68)
3(61 70 66)
3(64 14 13)
3(18 61 19)
3(58 65 59)
3(56 63 71)
3(58 59 15)
3(61 21 20)
3(10 56 11)
3(22 66 62)
3(8 55 9)
3(0 11 12)
3(69 65 58)
3(68 63 55)
3(67 8 2)
3(62 66 68)
3(67 62 68)
3(67 68 55)
3(68 66 70)
3(61 60 70)
3(60 65 70)
3(18 17 60)
3(56 57 12)
3(58 14 64)
3(13 12 57)
3(21 61 66)
3(62 67 23)
3(3 19 20)
3(67 2 23)
3(9 55 63)
3(59 1 15)
3(58 15 14)
3(10 9 63)
3(62 23 22)
3(70 65 69)
3(69 71 70)
3(69 58 64)
3(57 64 13)
3(22 21 66)
3(56 12 11)
3(65 60 17)
3(69 64 57)
3(8 67 55)
3(61 20 19)
3(61 18 60)
)


// ************************************************************************* //
