/*--------------------------------*- C++ -*----------------------------------*\
  =========                 |
  \\      /  F ield         | OpenFOAM: The Open Source CFD Toolbox
   \\    /   O peration     | Website:  https://openfoam.org
    \\  /    A nd           | Version:  10
     \\/     M anipulation  |
\*---------------------------------------------------------------------------*/
FoamFile
{
    format      ascii;
    class       labelList;
    note        "nPoints:308  nCells:1262  nFaces:2678  nInternalFaces:2370";
    location    "constant/heater/polyMesh";
    object      neighbour;
}
// * * * * * * * * * * * * * * * * * * * * * * * * * * * * * * * * * * * * * //


2370
(
143
352
982
1040
1085
1143
1261
564
926
1177
1193
466
538
825
972
626
950
1030
1064
37
74
827
1223
279
514
799
1178
203
499
675
867
106
388
828
1134
983
984
1017
1049
14
376
1150
1261
51
273
521
710
735
961
1076
1241
498
972
1012
1235
59
895
1143
167
549
552
927
158
173
395
1228
218
372
873
960
530
639
950
1175
759
802
894
1148
813
854
903
387
409
424
679
604
884
1061
1152
159
872
1037
30
603
643
1219
149
290
311
1136
337
1077
67
140
334
803
61
126
759
1067
67
686
1036
1084
97
921
1024
437
1080
1160
309
378
653
1249
38
365
517
230
694
748
325
480
981
1089
412
421
443
732
440
857
1244
154
171
488
217
597
1088
1155
241
247
315
530
351
387
869
1181
424
679
812
1048
147
172
551
607
393
658
874
880
205
462
1195
482
557
963
1122
60
278
779
947
99
266
279
685
800
986
1010
1169
111
264
724
960
145
349
476
554
645
894
916
376
1037
1083
1152
55
758
1039
1216
489
1037
1085
125
228
692
853
284
608
847
975
510
618
914
1190
520
1082
1254
813
814
1043
802
1039
1254
248
1170
1193
232
756
967
1027
127
139
431
934
149
261
876
1004
225
611
748
144
888
135
257
321
562
258
539
1010
1112
209
315
990
554
916
939
94
100
736
880
356
591
250
265
1243
98
135
505
1075
312
313
614
1006
308
526
717
1050
834
979
1240
1242
410
864
1056
1106
91
888
908
1147
311
449
676
425
760
801
901
176
583
618
1121
324
785
976
178
885
178
856
1008
726
777
792
806
567
571
846
933
254
647
760
1042
237
847
957
1137
144
749
889
275
635
701
742
114
730
974
1225
350
1133
1217
107
154
651
408
564
698
828
576
874
1060
250
923
1223
914
1191
350
559
581
213
577
848
854
335
634
1094
312
430
970
1207
280
765
1038
1143
107
1078
174
188
798
426
563
934
1116
611
659
729
1065
663
738
1087
1118
718
721
873
167
405
691
999
281
444
843
1073
117
370
1098
259
561
803
881
225
231
1040
1085
458
494
1226
582
671
973
986
373
441
696
1018
1220
1222
129
544
766
767
274
370
413
989
143
356
470
591
232
805
891
1093
413
691
227
401
886
243
406
1100
538
603
824
1219
971
1102
152
229
1112
1238
641
1220
1244
134
321
827
863
628
1074
1194
1231
257
1115
1231
158
1228
630
633
705
1027
200
775
918
1188
143
160
355
497
823
825
561
605
985
505
797
841
1233
509
518
744
1252
779
686
901
432
521
546
351
402
461
1248
166
816
1159
189
272
851
1230
479
696
235
326
420
1072
203
298
867
1119
434
1097
1209
285
809
882
1095
307
263
338
397
404
421
581
737
834
627
965
968
1022
257
628
489
580
896
337
356
292
680
868
1059
166
170
549
166
606
928
929
754
1170
316
959
1126
1256
615
249
305
515
652
993
244
476
780
817
927
928
365
492
1041
249
780
998
174
175
388
674
1169
176
1007
1228
829
1190
273
274
533
998
821
1129
185
255
423
454
430
523
672
738
337
356
636
295
359
360
1149
292
381
603
1251
511
555
1182
187
239
1240
834
835
839
1239
204
745
832
258
267
630
441
697
861
281
684
891
1148
220
473
647
764
219
375
474
1232
327
918
948
1187
256
306
665
980
241
357
593
1050
559
695
880
932
360
493
837
834
839
1023
1257
281
463
809
1019
327
788
363
480
1140
1158
209
215
355
526
506
877
423
827
1227
299
362
474
516
1120
293
712
954
1208
496
740
1125
1236
251
584
648
878
1136
504
906
1186
1188
213
367
1189
1253
435
534
866
947
990
1130
283
297
385
1127
773
838
1031
258
1114
1139
516
1180
506
642
859
300
328
1186
364
948
1128
599
941
964
726
728
729
900
230
481
754
755
280
753
1254
487
924
1212
675
704
877
231
747
1070
459
684
392
575
862
1020
823
825
933
1124
507
638
425
437
1062
1080
422
608
1235
548
556
622
690
420
624
1242
294
366
252
294
545
1002
1097
1112
380
419
677
435
551
270
797
1074
1134
544
708
766
924
595
774
1195
448
697
1230
607
320
252
526
1077
366
1050
553
951
1206
811
889
901
420
460
992
741
742
1014
395
674
262
333
332
587
716
1006
632
702
705
282
530
626
1174
316
902
942
423
961
992
1120
1182
539
798
1108
341
671
710
988
785
793
1154
1252
629
1028
1073
373
696
864
1056
407
938
1229
467
780
830
999
288
665
666
288
739
289
681
1042
1107
794
1049
1130
429
474
485
486
879
286
561
904
399
1129
1131
723
730
974
772
784
896
787
1041
302
522
668
893
379
617
491
676
878
1003
1056
461
504
658
1168
600
602
430
523
1138
371
774
765
770
445
612
931
936
386
712
411
632
876
368
1174
625
868
1064
964
1000
1058
1155
330
365
683
305
550
1054
1246
614
1091
1208
501
819
532
1092
1214
1041
636
954
1197
398
598
955
584
648
649
1005
878
672
716
317
590
953
686
749
805
892
595
639
718
763
470
589
636
561
787
804
1160
508
888
1029
1036
505
566
961
557
1223
722
847
1015
1224
382
411
781
993
452
793
1048
1062
1260
620
624
1244
883
949
906
1064
1185
641
690
1071
1221
664
1140
1158
374
541
851
864
403
550
865
771
1079
361
888
1079
591
650
488
517
634
650
526
385
593
1249
535
721
873
1002
347
404
868
1249
348
349
558
749
1021
1147
579
1080
1081
1084
407
798
800
1169
513
1007
1011
1234
795
807
840
433
600
1132
354
870
1178
354
915
465
1184
994
1168
353
517
591
650
546
799
947
371
385
386
493
508
844
493
890
770
909
449
908
369
462
437
450
1187
1189
664
1077
639
946
1057
369
397
483
371
1001
1113
1115
1199
1200
861
375
866
1180
534
799
579
1144
634
637
665
667
868
995
472
496
502
678
484
529
547
524
996
1161
544
708
856
1102
391
1035
1066
1069
397
464
438
1248
513
797
760
790
801
1042
619
842
862
962
573
612
899
745
932
1227
461
1141
1218
417
459
527
968
562
1199
455
494
723
1117
746
667
822
1250
711
712
1138
490
753
886
1067
1070
585
667
987
1092
1205
1214
433
625
500
693
913
678
688
514
541
601
762
1028
438
475
1157
432
570
996
652
1209
471
898
976
436
853
444
879
965
1247
424
495
706
1126
786
821
956
1012
424
475
1142
509
518
807
1065
466
503
825
507
460
1239
498
709
1111
1245
1081
1260
568
935
988
610
757
831
858
574
596
661
716
871
1178
722
458
497
688
524
1171
447
652
675
715
476
570
688
989
804
1133
1217
822
847
952
1101
482
1109
1220
682
887
519
645
1021
1029
456
1183
911
1074
451
1241
736
775
860
1257
746
885
1182
479
985
457
480
1062
612
735
1183
621
791
491
904
1041
460
737
833
535
1116
1226
460
735
1076
903
1051
563
989
473
768
680
774
465
573
843
954
1050
849
1025
824
855
989
1110
547
608
972
1235
572
588
741
984
588
1094
791
899
1259
528
617
1125
945
1027
882
1019
915
675
687
718
850
575
902
965
1020
889
908
1043
682
1018
1147
548
733
746
822
952
1251
753
770
1038
1070
692
852
637
651
611
784
645
837
909
492
778
522
635
1046
497
730
585
1248
1256
701
820
820
1104
574
687
727
553
1016
1163
574
867
1005
855
971
623
677
831
576
1059
628
727
945
713
836
890
1162
729
840
923
1222
851
1180
515
594
1001
1016
1177
1233
685
829
1113
1166
555
683
621
791
520
892
1036
909
1149
531
973
681
742
598
1197
531
1209
709
853
1104
1212
763
945
1126
1053
956
957
1235
593
533
1097
617
665
830
1161
915
1232
1105
1200
539
702
1171
1238
600
602
786
547
933
800
577
1090
1175
1196
543
799
557
568
583
1096
546
800
1171
582
973
1105
986
975
1099
1221
607
587
951
700
703
913
759
886
1120
689
733
831
1109
698
756
762
737
849
796
841
937
583
1228
1110
1226
569
646
670
962
1116
1117
841
1241
616
862
1103
963
601
919
926
700
1106
643
757
1219
661
1014
1017
1035
1184
776
842
1231
658
860
639
990
714
745
846
862
604
1150
599
728
898
1257
1010
1202
935
1107
1119
706
1250
673
707
970
1237
819
1206
589
794
672
1197
1094
1215
594
815
1016
1206
653
673
819
946
865
1005
1014
662
679
1157
655
743
726
734
956
916
937
603
1024
1080
801
811
901
703
1054
1164
1111
657
789
795
623
782
1219
728
843
616
724
975
1255
958
1207
925
929
619
933
871
1096
724
1117
638
640
641
793
810
677
1100
824
689
857
626
1063
630
967
1134
797
841
931
937
1139
633
704
763
1139
877
1238
877
945
980
666
778
953
666
1201
1192
689
690
1192
647
1107
1119
874
1218
645
669
755
912
682
754
1170
1004
701
1236
742
875
1014
1203
1078
1203
867
655
1175
752
883
941
717
1196
660
783
1154
1252
1153
1154
736
769
784
1035
788
920
672
1118
1048
1061
1156
727
959
1126
787
739
680
683
741
984
837
844
823
934
1122
870
935
969
1225
1010
1199
904
985
1013
1088
1251
875
893
698
982
967
968
1191
1229
1081
959
1015
1104
977
693
693
1016
1066
1069
699
745
1240
702
1170
887
757
874
979
816
845
1108
928
951
718
1114
750
1108
812
1087
709
1137
1210
1212
1213
1225
973
1110
991
1008
1210
991
835
978
1242
832
863
1123
1097
1098
1113
776
1130
1197
812
1047
1089
1090
1031
1167
1172
1173
723
850
970
1137
724
762
967
1028
1148
752
1118
792
1111
748
807
976
1239
857
1123
773
896
964
833
751
1240
743
1224
1201
929
1055
980
1087
1250
792
966
1259
1127
1039
1067
1069
1065
756
756
1004
1027
1034
1181
1217
900
944
909
912
844
1029
846
784
809
1035
940
764
890
1036
1145
1149
894
1022
981
1260
895
1013
1093
1142
1260
792
917
1184
1162
773
917
1157
806
777
1034
819
969
788
966
845
794
982
1003
1135
1136
858
921
795
840
920
922
930
944
810
1153
893
981
1158
897
1153
984
926
1233
938
804
891
1082
1079
1146
1158
1082
1144
917
1034
810
812
987
1088
1090
1216
985
1042
947
982
1140
818
852
1237
925
996
1211
958
1206
972
1111
910
957
1117
930
852
1008
1210
1212
832
938
1177
1121
1169
1113
1166
1124
857
907
1245
836
1239
964
1155
1173
922
900
960
1115
907
878
1124
903
1090
1253
907
1026
974
1098
861
1001
990
930
1012
910
977
979
875
983
1017
1023
1188
962
1122
1171
1214
1246
1106
994
1031
1088
986
1121
914
884
896
1152
1114
1107
1119
1136
968
1019
1086
1146
1160
1156
1157
944
1058
1127
1129
938
1108
1004
1045
1216
1021
1082
983
1021
1149
1151
899
1066
1258
1259
1183
960
1022
1043
932
1020
1086
1247
918
1179
911
1018
1102
1026
1194
919
927
919
1217
1172
944
1060
976
1258
1075
1003
1211
1135
940
1073
1026
963
1202
940
1068
939
940
1187
943
1255
1256
1020
1103
1141
1033
949
1185
997
1057
1205
975
1255
1091
1091
957
1131
1138
1132
1006
1224
1245
1115
1099
1074
1252
1258
970
1015
1013
1204
1015
978
1242
1192
1060
1094
983
994
995
1110
1208
1072
1076
1054
1165
1167
997
1175
1003
1064
1167
999
1159
1163
1051
1253
1225
1098
1105
1246
1215
1075
1190
1011
1177
1193
1229
1191
1204
1213
1118
1025
1139
1060
1059
1133
1247
1247
1134
1147
1032
1057
1128
1176
1033
1063
1198
1195
1176
1261
1040
1085
1089
1045
1145
1146
1162
1049
1087
1196
1142
1089
1058
1053
1205
1211
1055
1125
1135
1211
1189
1061
1186
1062
1174
1066
1068
1069
1243
1148
1234
1201
1162
1144
1093
1095
1216
1145
1146
1133
1141
1215
1144
1152
1156
1222
1100
1224
1250
1256
1204
1218
1255
1213
1226
1222
1223
1114
1200
1178
1123
1124
1214
1185
1198
1132
1196
1132
1249
1236
1138
1248
1156
1254
1151
1151
1253
1161
1164
1165
1164
1166
1165
1166
1179
1179
1181
1176
1179
1187
1189
1195
1181
1230
1259
1191
1227
1245
1202
1202
1213
1208
1237
1238
1237
1251
1221
1231
1230
1234
1246
1244
1258
)


// ************************************************************************* //
