/*--------------------------------*- C++ -*----------------------------------*\
  =========                 |
  \\      /  F ield         | OpenFOAM: The Open Source CFD Toolbox
   \\    /   O peration     | Website:  https://openfoam.org
    \\  /    A nd           | Version:  10
     \\/     M anipulation  |
\*---------------------------------------------------------------------------*/
FoamFile
{
    format      ascii;
    class       vectorField;
    location    "constant/heater/polyMesh";
    object      points;
}
// * * * * * * * * * * * * * * * * * * * * * * * * * * * * * * * * * * * * * //


308
(
(-6.225 0 -6.225)
(6.225 0 -6.225)
(-6.225 0 6.225)
(6.225 0 6.225)
(6.225 -12.45 6.225)
(6.225 -12.45 -6.225)
(-6.225 -12.45 -6.225)
(-6.225 -12.45 6.225)
(-6.225 0 3.61358)
(-6.225 0 1.26733)
(-6.225 0 -1.07892)
(-6.225 0 -3.87875)
(-3.735 0 -6.225)
(-1.245 0 -6.225)
(1.245 0 -6.225)
(3.735 0 -6.225)
(6.225 0 -3.735)
(6.225 0 -1.245)
(6.225 0 1.245)
(6.225 0 3.735)
(3.92899 0 6.225)
(1.17941 0 6.225)
(-1.1166 0 6.225)
(-3.41261 0 6.225)
(-6.225 -12.45 3.1125)
(-6.225 -12.45 -1.02141e-13)
(-6.225 -12.45 -3.1125)
(-3.46775 -12.45 -6.225)
(-0.961666 -12.45 -6.225)
(1.2827 -12.45 -6.225)
(3.98064 -12.45 -6.225)
(6.225 -12.45 -3.5983)
(6.225 -12.45 -0.974947)
(6.225 -12.45 1.42504)
(6.225 -12.45 3.82502)
(3.89103 -12.45 6.225)
(1.10347 -12.45 6.225)
(-1.2305 -12.45 6.225)
(-3.56448 -12.45 6.225)
(6.225 -1.96191 6.225)
(6.225 -3.9117 6.225)
(6.225 -5.86148 6.225)
(6.225 -8.33471 6.225)
(6.225 -10.2845 6.225)
(-6.225 -3.1125 6.225)
(-6.225 -6.225 6.225)
(-6.225 -9.3375 6.225)
(6.225 -1.96191 -6.225)
(6.225 -3.9117 -6.225)
(6.225 -5.86148 -6.225)
(6.225 -8.33471 -6.225)
(6.225 -10.2845 -6.225)
(-6.225 -3.15975 -6.225)
(-6.225 -6.34374 -6.225)
(-6.225 -9.52773 -6.225)
(-4.50195 0 2.23256)
(-3.52924 0 -2.44393)
(-1.80009 0 -4.19335)
(2.09505 0 -4.04788)
(4.31755 0 -3.77524)
(3.80781 0 0.497679)
(3.19053 0 3.24777)
(-2.0887 0 4.44349)
(-4.03924 0 0.168746)
(0.0857875 0 -4.55734)
(2.81808 0 -1.68209)
(0.125569 0 3.77306)
(-4.10909 0 4.13317)
(-2.13497 0 2.13422)
(-0.0934621 0 -2.23972)
(0.874516 0 0.786761)
(-1.71607 0 -0.343896)
(-3.02114 -12.45 2.5291)
(-2.53449 -12.45 -3.30909)
(2.91328 -12.45 -3.98185)
(4.29306 -12.45 -1.88316)
(3.30273 -12.45 3.24496)
(0.013431 -12.45 3.26825)
(-3.68961 -12.45 -0.842331)
(0.209272 -12.45 -3.54577)
(4.0168 -12.45 0.362401)
(1.48448 -12.45 1.12616)
(-0.897461 -12.45 -0.303699)
(1.79377 -12.45 -1.30861)
(4.52986 -2.68606 6.225)
(4.32602 -4.6572 6.225)
(4.38484 -6.85922 6.225)
(4.39009 -9.08309 6.225)
(4.63898 -10.8343 6.225)
(-3.64872 -4.71545 6.225)
(-0.220181 -2.17952 6.225)
(-0.205063 -10.4239 6.225)
(-2.70022 -10.0672 6.225)
(-3.53338 -7.5074 6.225)
(2.22462 -2.84066 6.225)
(2.30659 -10.2303 6.225)
(2.30159 -5.41567 6.225)
(0.768923 -8.78793 6.225)
(-1.2231 -8.30934 6.225)
(-2.71982 -2.21164 6.225)
(0.350938 -4.46264 6.225)
(2.44008 -7.90777 6.225)
(-1.56568 -3.86743 6.225)
(-1.54916 -5.87493 6.225)
(0.505146 -6.65852 6.225)
(6.225 -2.66976 -4.32024)
(6.225 -4.72784 -4.63593)
(6.225 -6.76603 -4.70868)
(6.225 -8.87656 -4.40423)
(6.225 -10.633 -4.08366)
(6.225 -2.66978 4.13809)
(6.225 -7.14268 3.9732)
(6.225 -1.9699 -1.97303)
(6.225 -1.65033 2.29004)
(6.225 -10.7337 -1.54489)
(6.225 -10.757 0.738015)
(6.225 -10.7466 3.10228)
(6.225 -4.79518 4.19217)
(6.225 -9.10898 4.34914)
(6.225 -1.83924 0.253936)
(6.225 -5.61883 2.41487)
(6.225 -9.11837 2.2493)
(6.225 -5.60002 -3.09205)
(6.225 -7.33614 -2.63317)
(6.225 -9.13455 -2.1217)
(6.225 -3.67147 1.88904)
(6.225 -3.724 -0.520247)
(6.225 -3.95505 -2.56246)
(6.225 -9.15116 0.038752)
(6.225 -7.38141 1.40588)
(6.225 -7.38222 -0.595451)
(6.225 -5.52945 -1.39862)
(6.225 -5.49847 0.525643)
(-3.05451 -5.32679 -6.225)
(-2.7979 -9.17982 -6.225)
(4.22292 -2.70526 -6.225)
(4.16189 -6.88678 -6.225)
(-2.48148 -2.51318 -6.225)
(2.13969 -1.76002 -6.225)
(0.222089 -10.0041 -6.225)
(2.8866 -10.493 -6.225)
(4.1575 -4.787 -6.225)
(4.33385 -8.99123 -6.225)
(0.0740764 -2.08287 -6.225)
(1.60784 -5.83708 -6.225)
(1.81628 -3.68221 -6.225)
(-0.490679 -4.47624 -6.225)
(-0.524952 -7.2388 -6.225)
(1.86656 -8.36256 -6.225)
(-6.225 -5.26229 3.20665)
(-6.225 -8.23868 3.68497)
(-6.225 -4.2387 -2.8503)
(-6.225 -2.47203 2.93064)
(-6.225 -7.74248 0.476386)
(-6.225 -8.64325 -2.88024)
(-6.225 -3.42438 0.364502)
(1.04584 -4.19719 -1.89634)
(-0.154171 -4.17081 -3.41394)
(1.30422 -2.63465 4.42243)
(3.09918 -10.3072 -2.59359)
(-3.90809 -10.1148 -1.47628)
(0.878384 -10.0421 -2.03221)
(0.82991 -10.7253 0.123242)
(0.0549503 -7.69504 -4.30897)
(-2.15645 -1.8785 -2.3572)
(-2.6035 -6.99727 -4.29462)
(-2.51735 -6.61943 -0.51504)
(-4.07825 -9.87742 1.45)
(-4.28219 -10.7835 -4.14788)
(-1.83837 -9.34491 4.60929)
(0.928899 -10.5666 2.53028)
(-1.19342 -10.7493 -1.61092)
(4.36519 -6.13998 -4.20529)
(3.35107 -9.70652 0.249248)
(3.57462 -9.04205 4.47621)
(0.272665 -5.54486 -0.417882)
(3.10057 -7.00862 0.894322)
(-1.07952 -2.14702 0.0271105)
(0.914728 -5.95443 3.13496)
(-2.17835 -10.6137 0.587731)
(-2.66426 -3.78725 0.77729)
(-2.53942 -6.28983 3.49589)
(-3.6554 -7.38982 -1.94586)
(-3.67365 -3.29405 2.77919)
(-3.96734 -10.2789 4.26087)
(-1.72013 -10.2357 2.81826)
(2.62727 -6.53515 4.41354)
(-3.27717 -8.62461 3.52319)
(-3.45271 -7.19098 2.39095)
(-2.05063 -11.0428 4.65073)
(-2.08175 -9.04645 -1.85275)
(-2.1522 -8.64235 -0.4124)
(-3.76234 -7.75544 0.216139)
(-2.2369 -8.8138 1.3834)
(-1.59773 -8.18223 2.61289)
(3.63579 -2.49447 -3.7156)
(-3.91211 -5.18939 -3.63829)
(-3.8885 -5.09462 -0.84549)
(-1.43249 -5.39684 -2.12151)
(0.534348 -6.06795 -2.54125)
(3.30796 -3.10183 0.240733)
(-3.70417 -3.48041 -2.46764)
(-1.56524 -5.39234 -0.210504)
(-4.1519 -5.84932 1.08403)
(-2.33646 -5.49491 1.18688)
(-4.42443 -3.80607 1.28975)
(4.51633 -3.79359 3.07054)
(-3.26932 -5.12193 2.74943)
(-1.07987 -6.03886 2.57386)
(-3.79547 -6.24563 4.52543)
(-1.88165 -5.53694 4.51993)
(-4.48813 -4.03272 4.53979)
(-2.29828 -3.80933 -1.46984)
(-4.08031 -2.21935 -0.835054)
(-0.776523 -4.0922 -0.637876)
(-3.82269 -1.76533 1.37806)
(-1.87236 -4.19597 2.32458)
(-3.87535 -1.76984 4.0246)
(-2.34081 -3.89978 4.09142)
(-3.99719 -2.21993 -3.961)
(-1.58046 -2.19778 2.4022)
(-1.07466 -2.27034 4.4178)
(-0.70205 -9.63157 -0.0792168)
(-0.539376 -11.1236 1.39961)
(-0.237827 -10.6864 4.32581)
(-1.50653 -9.59745 -3.77082)
(-0.575809 -8.88943 -1.63681)
(-1.29961 -7.42403 -2.40805)
(-0.206872 -9.27452 1.59697)
(-2.05952 -7.08638 0.887956)
(-0.197579 -8.91724 3.49422)
(-0.306655 -8.89011 4.95107)
(-1.73738 -7.49583 4.24791)
(-0.646866 -6.11705 0.809671)
(-0.370476 -4.65162 4.66095)
(-2.0288 -3.96022 -3.86811)
(-0.780944 -4.25064 1.07968)
(0.200936 -4.05514 2.82723)
(-0.853848 -2.23133 -4.42601)
(-0.363302 -2.79579 -2.0149)
(2.8604 -9.87303 2.87059)
(1.51388 -10.9607 4.42253)
(0.778993 -7.97115 -2.50501)
(0.898366 -8.76134 -0.426709)
(-0.552993 -7.22734 -0.689296)
(1.81206 -9.34873 1.07866)
(-0.735141 -7.88493 1.00241)
(1.20355 -8.82045 2.51064)
(-0.0865372 -7.62615 2.68823)
(1.52048 -9.13145 4.40233)
(0.193867 -7.12025 4.5653)
(-0.514793 -5.82501 -4.40707)
(2.62509 -6.23561 -2.73903)
(0.961348 -5.34606 1.4948)
(2.69375 -6.14786 2.26819)
(1.40761 -4.90146 4.7495)
(0.872595 -3.81837 0.244465)
(2.64322 -3.78272 -0.816521)
(2.17026 -1.91221 -2.24425)
(1.67895 -2.05296 -0.314298)
(0.904678 -2.26065 2.11797)
(1.68994 -10.7845 -4.08907)
(2.54324 -10.4682 -0.690628)
(2.83601 -10.7578 1.25159)
(3.21784 -10.7994 4.82104)
(2.30093 -8.72586 -4.20721)
(2.72186 -8.2065 -1.80793)
(2.5729 -8.18278 -0.174385)
(1.28932 -7.13998 -1.02537)
(3.34012 -8.60733 1.17107)
(1.15725 -7.29772 1.1892)
(2.88815 -7.96926 2.73067)
(1.33828 -7.5297 3.25903)
(1.81462 -6.65012 -4.60114)
(2.48183 -5.74897 -0.49335)
(1.53071 -4.56258 -4.44201)
(2.71398 -3.98034 -2.62193)
(2.6237 -4.02021 1.39137)
(2.22346 -4.43587 3.26297)
(3.24576 -4.03376 4.72679)
(1.23121 -2.16956 -3.94287)
(2.91743 -1.77451 1.30754)
(2.97107 -2.70637 2.9592)
(3.97181 -1.93958 4.59205)
(4.36698 -10.5562 -4.60671)
(4.85799 -10.492 -2.79372)
(4.46585 -8.97066 -0.915473)
(4.54099 -10.7751 -0.505396)
(4.70975 -10.0117 1.42406)
(4.58561 -10.523 3.27551)
(4.65662 -8.58634 2.90032)
(4.93686 -10.8907 4.82361)
(4.41754 -8.37616 -3.49366)
(4.5945 -6.93903 -2.02441)
(4.46554 -6.88723 -0.23208)
(4.53258 -7.36669 1.40103)
(4.5492 -6.93256 2.93219)
(4.56285 -7.52162 4.67389)
(4.41422 -4.73589 -1.96657)
(4.32042 -4.52779 -0.154962)
(4.33385 -5.37096 1.43516)
(4.63476 -3.04552 1.08)
(4.25487 -5.42662 3.49201)
(4.66877 -5.49117 5.02012)
(4.94751 -3.68099 4.84932)
(4.29977 -4.12059 -4.22613)
(4.14059 -2.27749 -1.11255)
(4.59238 -2.12182 2.96618)
)


// ************************************************************************* //
