# Region type : patch heater_to_fins
# Faces  :    64
# Area   :    1.000000e-04
# Time        	areaAverage(T)
0             	2.969000e+02
1             	2.969000e+02
2             	2.991800e+02
3             	3.014081e+02
4             	3.036434e+02
5             	3.058697e+02
6             	3.080825e+02
7             	3.102794e+02
8             	3.124591e+02
9             	3.146211e+02
10            	3.167653e+02
11            	3.188916e+02
12            	3.210003e+02
13            	3.230916e+02
14            	3.251661e+02
15            	3.272238e+02
16            	3.292652e+02
17            	3.312904e+02
18            	3.332997e+02
19            	3.352933e+02
20            	3.372715e+02
21            	3.392346e+02
22            	3.411829e+02
23            	3.431165e+02
24            	3.450358e+02
25            	3.469408e+02
26            	3.488318e+02
27            	3.507089e+02
28            	3.525722e+02
29            	3.544218e+02
30            	3.562573e+02
31            	3.580781e+02
32            	3.598838e+02
33            	3.616741e+02
34            	3.634486e+02
35            	3.652068e+02
36            	3.669488e+02
37            	3.686745e+02
38            	3.703836e+02
39            	3.720761e+02
40            	3.737522e+02
41            	3.754117e+02
42            	3.770547e+02
43            	3.786808e+02
44            	3.802902e+02
45            	3.818829e+02
46            	3.834592e+02
47            	3.850190e+02
48            	3.865628e+02
49            	3.880905e+02
50            	3.896025e+02
51            	3.910988e+02
52            	3.925795e+02
53            	3.940449e+02
54            	3.954950e+02
55            	3.969300e+02
56            	3.983502e+02
57            	3.997556e+02
58            	4.011464e+02
59            	4.025229e+02
60            	4.038850e+02
61            	4.052331e+02
62            	4.065672e+02
63            	4.078875e+02
64            	4.091942e+02
65            	4.104874e+02
66            	4.117672e+02
67            	4.130339e+02
68            	4.142875e+02
69            	4.155281e+02
70            	4.167560e+02
71            	4.179712e+02
72            	4.191738e+02
73            	4.203640e+02
74            	4.215419e+02
75            	4.227077e+02
76            	4.238613e+02
77            	4.250029e+02
78            	4.261327e+02
79            	4.272507e+02
80            	4.283571e+02
81            	4.294518e+02
82            	4.305351e+02
83            	4.316070e+02
84            	4.326676e+02
85            	4.337170e+02
86            	4.347552e+02
87            	4.357824e+02
88            	4.367986e+02
89            	4.378040e+02
90            	4.387986e+02
91            	4.397827e+02
92            	4.407562e+02
93            	4.417194e+02
94            	4.426723e+02
95            	4.436149e+02
96            	4.445475e+02
97            	4.454701e+02
98            	4.463828e+02
99            	4.472856e+02
100           	4.481788e+02
101           	4.490624e+02
102           	4.499365e+02
103           	4.508013e+02
104           	4.516567e+02
105           	4.525029e+02
106           	4.533401e+02
107           	4.541681e+02
108           	4.549872e+02
109           	4.557973e+02
110           	4.565986e+02
111           	4.573912e+02
112           	4.581752e+02
113           	4.589505e+02
114           	4.597173e+02
115           	4.604756e+02
116           	4.612256e+02
117           	4.619672e+02
118           	4.627006e+02
119           	4.634259e+02
120           	4.641431e+02
121           	4.648523e+02
122           	4.655537e+02
123           	4.662472e+02
124           	4.669331e+02
125           	4.676112e+02
126           	4.682818e+02
127           	4.689450e+02
128           	4.696007e+02
129           	4.702491e+02
130           	4.708902e+02
131           	4.715242e+02
132           	4.721511e+02
133           	4.727709e+02
134           	4.733838e+02
135           	4.739899e+02
136           	4.745892e+02
137           	4.751818e+02
138           	4.757676e+02
139           	4.763469e+02
140           	4.769197e+02
141           	4.774859e+02
142           	4.780457e+02
143           	4.785992e+02
144           	4.791464e+02
145           	4.796874e+02
146           	4.802223e+02
147           	4.807510e+02
148           	4.812738e+02
149           	4.817906e+02
150           	4.823016e+02
151           	4.828067e+02
152           	4.833060e+02
153           	4.837996e+02
154           	4.842875e+02
155           	4.847699e+02
156           	4.852467e+02
157           	4.857180e+02
158           	4.861839e+02
159           	4.866443e+02
160           	4.870994e+02
161           	4.875492e+02
162           	4.879938e+02
163           	4.884333e+02
164           	4.888676e+02
165           	4.892969e+02
166           	4.897213e+02
167           	4.901407e+02
168           	4.905553e+02
169           	4.909651e+02
170           	4.913701e+02
171           	4.917703e+02
172           	4.921659e+02
173           	4.925568e+02
174           	4.929430e+02
175           	4.933246e+02
176           	4.937017e+02
177           	4.940743e+02
178           	4.944424e+02
179           	4.948061e+02
180           	4.951654e+02
181           	4.955205e+02
182           	4.958712e+02
183           	4.962178e+02
184           	4.965602e+02
185           	4.968985e+02
186           	4.972328e+02
187           	4.975631e+02
188           	4.978895e+02
189           	4.982121e+02
190           	4.985308e+02
191           	4.988458e+02
192           	4.991570e+02
193           	4.994646e+02
194           	4.997686e+02
195           	5.000690e+02
196           	5.003660e+02
197           	5.006595e+02
198           	5.009496e+02
199           	5.012364e+02
200           	5.015198e+02
201           	5.017999e+02
202           	5.020767e+02
203           	5.023504e+02
204           	5.026209e+02
205           	5.028882e+02
206           	5.031525e+02
207           	5.034137e+02
208           	5.036720e+02
209           	5.039272e+02
210           	5.041795e+02
211           	5.044289e+02
212           	5.046754e+02
213           	5.049191e+02
214           	5.051599e+02
215           	5.053980e+02
216           	5.056334e+02
217           	5.058660e+02
218           	5.060960e+02
219           	5.063233e+02
220           	5.065481e+02
221           	5.067702e+02
222           	5.069899e+02
223           	5.072070e+02
224           	5.074217e+02
225           	5.076339e+02
226           	5.078437e+02
227           	5.080510e+02
228           	5.082560e+02
229           	5.084587e+02
230           	5.086590e+02
231           	5.088570e+02
232           	5.090527e+02
233           	5.092462e+02
234           	5.094375e+02
235           	5.096265e+02
236           	5.098134e+02
237           	5.099982e+02
238           	5.101807e+02
239           	5.103612e+02
240           	5.105396e+02
241           	5.107158e+02
242           	5.108900e+02
243           	5.110621e+02
244           	5.112322e+02
245           	5.114003e+02
246           	5.115663e+02
247           	5.117304e+02
248           	5.118926e+02
249           	5.120528e+02
250           	5.122111e+02
251           	5.123675e+02
252           	5.125221e+02
253           	5.126748e+02
254           	5.128256e+02
255           	5.129747e+02
256           	5.131220e+02
257           	5.132675e+02
258           	5.134113e+02
259           	5.135533e+02
260           	5.136937e+02
261           	5.138323e+02
262           	5.139693e+02
263           	5.141046e+02
264           	5.142383e+02
265           	5.143704e+02
266           	5.145009e+02
267           	5.146298e+02
268           	5.147572e+02
269           	5.148830e+02
270           	5.150074e+02
271           	5.151302e+02
272           	5.152516e+02
273           	5.153715e+02
274           	5.154900e+02
275           	5.156070e+02
276           	5.157227e+02
277           	5.158369e+02
278           	5.159498e+02
279           	5.160614e+02
280           	5.161715e+02
281           	5.162804e+02
282           	5.163879e+02
283           	5.164942e+02
284           	5.165991e+02
285           	5.167028e+02
286           	5.168051e+02
287           	5.169063e+02
288           	5.170061e+02
289           	5.171048e+02
290           	5.172022e+02
291           	5.172984e+02
292           	5.173934e+02
293           	5.174872e+02
294           	5.175798e+02
295           	5.176713e+02
296           	5.177616e+02
297           	5.178508e+02
298           	5.179389e+02
299           	5.180258e+02
300           	5.181116e+02
301           	5.181964e+02
302           	5.182800e+02
303           	5.183627e+02
304           	5.184443e+02
305           	5.185248e+02
306           	5.186044e+02
307           	5.186829e+02
308           	5.187605e+02
309           	5.188371e+02
310           	5.189128e+02
311           	5.189876e+02
312           	5.190615e+02
313           	5.191345e+02
314           	5.192066e+02
315           	5.192779e+02
316           	5.193484e+02
317           	5.194180e+02
318           	5.194867e+02
319           	5.195547e+02
320           	5.196218e+02
321           	5.196881e+02
322           	5.197537e+02
323           	5.198185e+02
324           	5.198825e+02
325           	5.199458e+02
326           	5.200083e+02
327           	5.200701e+02
328           	5.201313e+02
329           	5.201917e+02
330           	5.202514e+02
331           	5.203105e+02
332           	5.203688e+02
333           	5.204266e+02
334           	5.204837e+02
335           	5.205402e+02
336           	5.205961e+02
337           	5.206514e+02
338           	5.207061e+02
339           	5.207602e+02
340           	5.208137e+02
341           	5.208667e+02
342           	5.209191e+02
343           	5.209709e+02
344           	5.210222e+02
345           	5.210729e+02
346           	5.211231e+02
347           	5.211727e+02
348           	5.212218e+02
349           	5.212704e+02
350           	5.213185e+02
351           	5.213660e+02
352           	5.214131e+02
353           	5.214597e+02
354           	5.215057e+02
355           	5.215513e+02
356           	5.215965e+02
357           	5.216411e+02
358           	5.216853e+02
359           	5.217291e+02
360           	5.217724e+02
361           	5.218153e+02
362           	5.218577e+02
363           	5.218997e+02
364           	5.219412e+02
365           	5.219824e+02
366           	5.220231e+02
367           	5.220634e+02
368           	5.221032e+02
369           	5.221427e+02
370           	5.221818e+02
371           	5.222204e+02
372           	5.222587e+02
373           	5.222966e+02
374           	5.223341e+02
375           	5.223712e+02
376           	5.224078e+02
377           	5.224441e+02
378           	5.224801e+02
379           	5.225156e+02
380           	5.225507e+02
381           	5.225855e+02
382           	5.226199e+02
383           	5.226539e+02
384           	5.226876e+02
385           	5.227208e+02
386           	5.227537e+02
387           	5.227863e+02
388           	5.228184e+02
389           	5.228503e+02
390           	5.228817e+02
391           	5.229128e+02
392           	5.229436e+02
393           	5.229740e+02
394           	5.230040e+02
395           	5.230337e+02
396           	5.230631e+02
397           	5.230921e+02
398           	5.231208e+02
399           	5.231492e+02
400           	5.231773e+02
401           	5.232051e+02
402           	5.232326e+02
403           	5.232597e+02
404           	5.232866e+02
405           	5.233132e+02
406           	5.233395e+02
407           	5.233655e+02
408           	5.233912e+02
409           	5.234166e+02
410           	5.234417e+02
411           	5.234665e+02
412           	5.234911e+02
413           	5.235154e+02
414           	5.235394e+02
415           	5.235632e+02
416           	5.235867e+02
417           	5.236099e+02
418           	5.236329e+02
419           	5.236556e+02
420           	5.236781e+02
421           	5.237003e+02
422           	5.237223e+02
423           	5.237441e+02
424           	5.237656e+02
425           	5.237868e+02
426           	5.238079e+02
427           	5.238287e+02
428           	5.238492e+02
429           	5.238696e+02
430           	5.238897e+02
431           	5.239096e+02
432           	5.239293e+02
433           	5.239488e+02
434           	5.239680e+02
435           	5.239871e+02
436           	5.240059e+02
437           	5.240245e+02
438           	5.240430e+02
439           	5.240612e+02
440           	5.240792e+02
441           	5.240971e+02
442           	5.241147e+02
443           	5.241322e+02
444           	5.241494e+02
445           	5.241665e+02
446           	5.241834e+02
447           	5.242001e+02
448           	5.242166e+02
449           	5.242329e+02
450           	5.242491e+02
451           	5.242651e+02
452           	5.242809e+02
453           	5.242966e+02
454           	5.243121e+02
455           	5.243274e+02
456           	5.243425e+02
457           	5.243575e+02
458           	5.243724e+02
459           	5.243870e+02
460           	5.244015e+02
461           	5.244159e+02
462           	5.244301e+02
463           	5.244441e+02
464           	5.244580e+02
465           	5.244717e+02
466           	5.244852e+02
467           	5.244987e+02
468           	5.245119e+02
469           	5.245250e+02
470           	5.245380e+02
471           	5.245508e+02
472           	5.245635e+02
473           	5.245760e+02
474           	5.245884e+02
475           	5.246006e+02
476           	5.246127e+02
477           	5.246247e+02
478           	5.246365e+02
479           	5.246482e+02
480           	5.246597e+02
481           	5.246711e+02
482           	5.246824e+02
483           	5.246936e+02
484           	5.247046e+02
485           	5.247155e+02
486           	5.247262e+02
487           	5.247369e+02
488           	5.247474e+02
489           	5.247578e+02
490           	5.247681e+02
491           	5.247782e+02
492           	5.247883e+02
493           	5.247982e+02
494           	5.248080e+02
495           	5.248177e+02
496           	5.248272e+02
497           	5.248367e+02
498           	5.248461e+02
499           	5.248553e+02
500           	5.248645e+02
501           	5.248735e+02
502           	5.248825e+02
503           	5.248913e+02
504           	5.249000e+02
505           	5.249087e+02
506           	5.249172e+02
507           	5.249257e+02
508           	5.249340e+02
509           	5.249423e+02
510           	5.249504e+02
511           	5.249585e+02
512           	5.249665e+02
513           	5.249744e+02
514           	5.249823e+02
515           	5.249900e+02
516           	5.249977e+02
517           	5.250052e+02
518           	5.250127e+02
519           	5.250202e+02
520           	5.250275e+02
521           	5.250348e+02
522           	5.250420e+02
523           	5.250491e+02
524           	5.250562e+02
525           	5.250632e+02
526           	5.250701e+02
527           	5.250769e+02
528           	5.250837e+02
529           	5.250904e+02
530           	5.250971e+02
531           	5.251036e+02
532           	5.251102e+02
533           	5.251166e+02
534           	5.251230e+02
535           	5.251293e+02
536           	5.251356e+02
537           	5.251418e+02
538           	5.251479e+02
539           	5.251540e+02
540           	5.251600e+02
541           	5.251660e+02
542           	5.251719e+02
543           	5.251777e+02
544           	5.251835e+02
545           	5.251893e+02
546           	5.251950e+02
547           	5.252006e+02
548           	5.252062e+02
549           	5.252117e+02
550           	5.252172e+02
551           	5.252227e+02
552           	5.252281e+02
553           	5.252334e+02
554           	5.252387e+02
555           	5.252439e+02
556           	5.252491e+02
557           	5.252543e+02
558           	5.252594e+02
559           	5.252644e+02
560           	5.252695e+02
561           	5.252744e+02
562           	5.252794e+02
563           	5.252842e+02
564           	5.252891e+02
565           	5.252939e+02
566           	5.252986e+02
567           	5.253033e+02
568           	5.253080e+02
569           	5.253126e+02
570           	5.253172e+02
571           	5.253218e+02
572           	5.253263e+02
573           	5.253307e+02
574           	5.253352e+02
575           	5.253395e+02
576           	5.253439e+02
577           	5.253482e+02
578           	5.253524e+02
579           	5.253567e+02
580           	5.253608e+02
581           	5.253650e+02
582           	5.253691e+02
583           	5.253731e+02
584           	5.253772e+02
585           	5.253812e+02
586           	5.253851e+02
587           	5.253890e+02
588           	5.253929e+02
589           	5.253967e+02
590           	5.254005e+02
591           	5.254042e+02
592           	5.254079e+02
593           	5.254116e+02
594           	5.254152e+02
595           	5.254188e+02
596           	5.254224e+02
597           	5.254259e+02
598           	5.254294e+02
599           	5.254328e+02
600           	5.254362e+02
601           	5.254396e+02
602           	5.254429e+02
603           	5.254462e+02
604           	5.254495e+02
605           	5.254527e+02
606           	5.254559e+02
607           	5.254590e+02
608           	5.254622e+02
609           	5.254652e+02
610           	5.254683e+02
611           	5.254713e+02
612           	5.254742e+02
613           	5.254772e+02
614           	5.254801e+02
615           	5.254830e+02
616           	5.254858e+02
617           	5.254886e+02
618           	5.254914e+02
619           	5.254941e+02
620           	5.254968e+02
621           	5.254995e+02
622           	5.255021e+02
623           	5.255047e+02
624           	5.255073e+02
625           	5.255099e+02
626           	5.255124e+02
627           	5.255149e+02
628           	5.255173e+02
629           	5.255197e+02
630           	5.255221e+02
631           	5.255245e+02
632           	5.255269e+02
633           	5.255292e+02
634           	5.255315e+02
635           	5.255337e+02
636           	5.255360e+02
637           	5.255382e+02
638           	5.255403e+02
639           	5.255425e+02
640           	5.255446e+02
641           	5.255467e+02
642           	5.255488e+02
643           	5.255509e+02
644           	5.255529e+02
645           	5.255549e+02
646           	5.255569e+02
647           	5.255588e+02
648           	5.255608e+02
649           	5.255627e+02
650           	5.255646e+02
651           	5.255664e+02
652           	5.255683e+02
653           	5.255701e+02
654           	5.255719e+02
655           	5.255737e+02
656           	5.255754e+02
657           	5.255771e+02
658           	5.255789e+02
659           	5.255806e+02
660           	5.255822e+02
661           	5.255839e+02
662           	5.255855e+02
663           	5.255871e+02
664           	5.255887e+02
665           	5.255903e+02
666           	5.255919e+02
667           	5.255934e+02
668           	5.255949e+02
669           	5.255964e+02
670           	5.255979e+02
671           	5.255994e+02
672           	5.256009e+02
673           	5.256023e+02
674           	5.256037e+02
675           	5.256052e+02
676           	5.256066e+02
677           	5.256079e+02
678           	5.256093e+02
679           	5.256107e+02
680           	5.256120e+02
681           	5.256133e+02
682           	5.256146e+02
683           	5.256159e+02
684           	5.256172e+02
685           	5.256185e+02
686           	5.256198e+02
687           	5.256210e+02
688           	5.256223e+02
689           	5.256235e+02
690           	5.256248e+02
691           	5.256260e+02
692           	5.256272e+02
693           	5.256284e+02
694           	5.256296e+02
695           	5.256308e+02
696           	5.256319e+02
697           	5.256331e+02
698           	5.256342e+02
699           	5.256354e+02
700           	5.256365e+02
701           	5.256376e+02
702           	5.256388e+02
703           	5.256399e+02
704           	5.256410e+02
705           	5.256421e+02
706           	5.256432e+02
707           	5.256442e+02
708           	5.256453e+02
709           	5.256464e+02
710           	5.256474e+02
711           	5.256485e+02
712           	5.256495e+02
713           	5.256505e+02
714           	5.256515e+02
715           	5.256526e+02
716           	5.256536e+02
717           	5.256546e+02
718           	5.256556e+02
719           	5.256565e+02
720           	5.256575e+02
721           	5.256585e+02
722           	5.256594e+02
723           	5.256604e+02
724           	5.256613e+02
725           	5.256623e+02
726           	5.256632e+02
727           	5.256641e+02
728           	5.256650e+02
729           	5.256659e+02
730           	5.256668e+02
731           	5.256677e+02
732           	5.256686e+02
733           	5.256695e+02
734           	5.256703e+02
735           	5.256712e+02
736           	5.256720e+02
737           	5.256729e+02
738           	5.256737e+02
739           	5.256745e+02
740           	5.256754e+02
741           	5.256762e+02
742           	5.256770e+02
743           	5.256778e+02
744           	5.256785e+02
745           	5.256793e+02
746           	5.256801e+02
747           	5.256808e+02
748           	5.256816e+02
749           	5.256823e+02
750           	5.256831e+02
751           	5.256838e+02
752           	5.256845e+02
753           	5.256852e+02
754           	5.256859e+02
755           	5.256866e+02
756           	5.256873e+02
757           	5.256880e+02
758           	5.256887e+02
759           	5.256893e+02
760           	5.256900e+02
761           	5.256906e+02
762           	5.256913e+02
763           	5.256919e+02
764           	5.256925e+02
765           	5.256931e+02
766           	5.256937e+02
767           	5.256943e+02
768           	5.256949e+02
769           	5.256955e+02
770           	5.256961e+02
771           	5.256967e+02
772           	5.256972e+02
773           	5.256978e+02
774           	5.256983e+02
775           	5.256989e+02
776           	5.256994e+02
777           	5.256999e+02
778           	5.257005e+02
779           	5.257010e+02
780           	5.257015e+02
781           	5.257020e+02
782           	5.257025e+02
783           	5.257030e+02
784           	5.257035e+02
785           	5.257040e+02
786           	5.257045e+02
787           	5.257049e+02
788           	5.257054e+02
789           	5.257059e+02
790           	5.257063e+02
791           	5.257068e+02
792           	5.257073e+02
793           	5.257077e+02
794           	5.257082e+02
795           	5.257086e+02
796           	5.257090e+02
797           	5.257095e+02
798           	5.257099e+02
799           	5.257103e+02
800           	5.257108e+02
801           	5.257112e+02
802           	5.257116e+02
803           	5.257120e+02
804           	5.257124e+02
805           	5.257128e+02
806           	5.257132e+02
807           	5.257136e+02
808           	5.257139e+02
809           	5.257143e+02
810           	5.257147e+02
811           	5.257150e+02
812           	5.257154e+02
813           	5.257158e+02
814           	5.257161e+02
815           	5.257165e+02
816           	5.257168e+02
817           	5.257172e+02
818           	5.257175e+02
819           	5.257179e+02
820           	5.257182e+02
821           	5.257186e+02
822           	5.257189e+02
823           	5.257193e+02
824           	5.257196e+02
825           	5.257200e+02
826           	5.257203e+02
827           	5.257206e+02
828           	5.257210e+02
829           	5.257213e+02
830           	5.257217e+02
831           	5.257220e+02
832           	5.257224e+02
833           	5.257227e+02
834           	5.257230e+02
835           	5.257234e+02
836           	5.257237e+02
837           	5.257241e+02
838           	5.257244e+02
839           	5.257248e+02
840           	5.257251e+02
841           	5.257255e+02
842           	5.257258e+02
843           	5.257262e+02
844           	5.257265e+02
845           	5.257269e+02
846           	5.257272e+02
847           	5.257276e+02
848           	5.257279e+02
849           	5.257283e+02
850           	5.257287e+02
851           	5.257290e+02
852           	5.257294e+02
853           	5.257297e+02
854           	5.257301e+02
855           	5.257305e+02
856           	5.257308e+02
857           	5.257312e+02
858           	5.257315e+02
859           	5.257319e+02
860           	5.257322e+02
861           	5.257326e+02
862           	5.257330e+02
863           	5.257333e+02
864           	5.257337e+02
865           	5.257340e+02
866           	5.257344e+02
867           	5.257347e+02
868           	5.257351e+02
869           	5.257354e+02
870           	5.257358e+02
871           	5.257361e+02
872           	5.257364e+02
873           	5.257368e+02
874           	5.257371e+02
875           	5.257374e+02
876           	5.257378e+02
877           	5.257381e+02
878           	5.257384e+02
879           	5.257387e+02
880           	5.257390e+02
881           	5.257393e+02
882           	5.257397e+02
883           	5.257400e+02
884           	5.257403e+02
885           	5.257406e+02
886           	5.257409e+02
887           	5.257411e+02
888           	5.257414e+02
889           	5.257417e+02
890           	5.257420e+02
891           	5.257423e+02
892           	5.257426e+02
893           	5.257428e+02
894           	5.257431e+02
895           	5.257434e+02
896           	5.257437e+02
897           	5.257439e+02
898           	5.257442e+02
899           	5.257444e+02
900           	5.257447e+02
901           	5.257449e+02
902           	5.257452e+02
903           	5.257454e+02
904           	5.257457e+02
905           	5.257459e+02
906           	5.257462e+02
907           	5.257464e+02
908           	5.257466e+02
909           	5.257469e+02
910           	5.257471e+02
911           	5.257473e+02
912           	5.257475e+02
913           	5.257478e+02
914           	5.257480e+02
915           	5.257482e+02
916           	5.257484e+02
917           	5.257486e+02
918           	5.257488e+02
919           	5.257491e+02
920           	5.257493e+02
921           	5.257495e+02
922           	5.257497e+02
923           	5.257499e+02
924           	5.257501e+02
925           	5.257503e+02
926           	5.257505e+02
927           	5.257507e+02
928           	5.257509e+02
929           	5.257511e+02
930           	5.257513e+02
931           	5.257515e+02
932           	5.257517e+02
933           	5.257519e+02
934           	5.257521e+02
935           	5.257523e+02
936           	5.257525e+02
937           	5.257527e+02
938           	5.257529e+02
939           	5.257530e+02
940           	5.257532e+02
941           	5.257534e+02
942           	5.257536e+02
943           	5.257538e+02
944           	5.257540e+02
945           	5.257542e+02
946           	5.257544e+02
947           	5.257545e+02
948           	5.257547e+02
949           	5.257549e+02
950           	5.257551e+02
951           	5.257553e+02
952           	5.257554e+02
953           	5.257556e+02
954           	5.257558e+02
955           	5.257560e+02
956           	5.257562e+02
957           	5.257563e+02
958           	5.257565e+02
959           	5.257567e+02
960           	5.257569e+02
961           	5.257571e+02
962           	5.257572e+02
963           	5.257574e+02
964           	5.257576e+02
965           	5.257578e+02
966           	5.257579e+02
967           	5.257581e+02
968           	5.257583e+02
969           	5.257585e+02
970           	5.257586e+02
971           	5.257588e+02
972           	5.257590e+02
973           	5.257591e+02
974           	5.257593e+02
975           	5.257595e+02
976           	5.257597e+02
977           	5.257598e+02
978           	5.257600e+02
979           	5.257602e+02
980           	5.257603e+02
981           	5.257605e+02
982           	5.257607e+02
983           	5.257608e+02
984           	5.257610e+02
985           	5.257612e+02
986           	5.257613e+02
987           	5.257615e+02
988           	5.257617e+02
989           	5.257618e+02
990           	5.257620e+02
991           	5.257622e+02
992           	5.257623e+02
993           	5.257625e+02
994           	5.257627e+02
995           	5.257628e+02
996           	5.257630e+02
997           	5.257632e+02
998           	5.257633e+02
999           	5.257635e+02
1000          	5.257637e+02
1001          	5.257638e+02
1002          	5.257640e+02
1003          	5.257642e+02
1004          	5.257643e+02
1005          	5.257645e+02
1006          	5.257647e+02
1007          	5.257648e+02
1008          	5.257650e+02
1009          	5.257651e+02
1010          	5.257653e+02
1011          	5.257655e+02
1012          	5.257656e+02
1013          	5.257658e+02
1014          	5.257660e+02
1015          	5.257661e+02
1016          	5.257663e+02
1017          	5.257665e+02
1018          	5.257666e+02
1019          	5.257668e+02
1020          	5.257670e+02
1021          	5.257671e+02
1022          	5.257673e+02
1023          	5.257675e+02
1024          	5.257676e+02
1025          	5.257678e+02
1026          	5.257680e+02
1027          	5.257681e+02
1028          	5.257683e+02
1029          	5.257685e+02
1030          	5.257686e+02
1031          	5.257688e+02
1032          	5.257690e+02
1033          	5.257691e+02
1034          	5.257693e+02
1035          	5.257695e+02
1036          	5.257696e+02
1037          	5.257698e+02
1038          	5.257700e+02
1039          	5.257701e+02
1040          	5.257703e+02
1041          	5.257705e+02
1042          	5.257706e+02
1043          	5.257708e+02
1044          	5.257710e+02
1045          	5.257712e+02
1046          	5.257713e+02
1047          	5.257715e+02
1048          	5.257717e+02
1049          	5.257718e+02
1050          	5.257720e+02
1051          	5.257722e+02
1052          	5.257723e+02
1053          	5.257725e+02
1054          	5.257727e+02
1055          	5.257729e+02
1056          	5.257730e+02
1057          	5.257732e+02
1058          	5.257734e+02
1059          	5.257735e+02
1060          	5.257737e+02
1061          	5.257739e+02
1062          	5.257740e+02
1063          	5.257742e+02
1064          	5.257744e+02
1065          	5.257746e+02
1066          	5.257747e+02
1067          	5.257749e+02
1068          	5.257751e+02
1069          	5.257752e+02
1070          	5.257754e+02
1071          	5.257756e+02
1072          	5.257758e+02
1073          	5.257759e+02
1074          	5.257761e+02
1075          	5.257763e+02
1076          	5.257764e+02
1077          	5.257766e+02
1078          	5.257768e+02
1079          	5.257769e+02
1080          	5.257771e+02
1081          	5.257773e+02
1082          	5.257775e+02
1083          	5.257776e+02
1084          	5.257778e+02
1085          	5.257780e+02
1086          	5.257781e+02
1087          	5.257783e+02
1088          	5.257785e+02
1089          	5.257787e+02
1090          	5.257788e+02
1091          	5.257790e+02
1092          	5.257792e+02
1093          	5.257793e+02
1094          	5.257795e+02
1095          	5.257797e+02
1096          	5.257799e+02
1097          	5.257800e+02
1098          	5.257802e+02
1099          	5.257804e+02
1100          	5.257805e+02
1101          	5.257807e+02
1102          	5.257809e+02
1103          	5.257811e+02
1104          	5.257812e+02
1105          	5.257814e+02
1106          	5.257816e+02
1107          	5.257817e+02
1108          	5.257819e+02
1109          	5.257821e+02
1110          	5.257822e+02
1111          	5.257824e+02
1112          	5.257826e+02
1113          	5.257827e+02
1114          	5.257829e+02
1115          	5.257831e+02
1116          	5.257832e+02
1117          	5.257834e+02
1118          	5.257835e+02
1119          	5.257837e+02
1120          	5.257839e+02
1121          	5.257840e+02
1122          	5.257842e+02
1123          	5.257844e+02
1124          	5.257845e+02
1125          	5.257847e+02
1126          	5.257849e+02
1127          	5.257850e+02
1128          	5.257852e+02
1129          	5.257853e+02
1130          	5.257855e+02
1131          	5.257857e+02
1132          	5.257858e+02
1133          	5.257860e+02
1134          	5.257862e+02
1135          	5.257863e+02
1136          	5.257865e+02
1137          	5.257867e+02
1138          	5.257868e+02
1139          	5.257870e+02
1140          	5.257872e+02
1141          	5.257873e+02
1142          	5.257875e+02
1143          	5.257877e+02
1144          	5.257878e+02
1145          	5.257880e+02
1146          	5.257882e+02
1147          	5.257883e+02
1148          	5.257885e+02
1149          	5.257887e+02
1150          	5.257889e+02
1151          	5.257890e+02
1152          	5.257892e+02
1153          	5.257894e+02
1154          	5.257896e+02
1155          	5.257898e+02
1156          	5.257899e+02
1157          	5.257901e+02
1158          	5.257903e+02
1159          	5.257905e+02
1160          	5.257907e+02
1161          	5.257909e+02
1162          	5.257911e+02
1163          	5.257913e+02
1164          	5.257915e+02
1165          	5.257917e+02
1166          	5.257919e+02
1167          	5.257921e+02
1168          	5.257923e+02
1169          	5.257925e+02
1170          	5.257927e+02
1171          	5.257930e+02
1172          	5.257932e+02
1173          	5.257934e+02
1174          	5.257936e+02
1175          	5.257938e+02
1176          	5.257941e+02
1177          	5.257943e+02
1178          	5.257945e+02
1179          	5.257948e+02
1180          	5.257950e+02
1181          	5.257952e+02
1182          	5.257955e+02
1183          	5.257957e+02
1184          	5.257959e+02
1185          	5.257962e+02
1186          	5.257964e+02
1187          	5.257966e+02
1188          	5.257969e+02
1189          	5.257971e+02
1190          	5.257974e+02
1191          	5.257976e+02
1192          	5.257978e+02
1193          	5.257981e+02
1194          	5.257983e+02
1195          	5.257985e+02
1196          	5.257988e+02
1197          	5.257990e+02
1198          	5.257993e+02
1199          	5.257995e+02
1200          	5.257997e+02
1201          	5.258000e+02
1202          	5.258002e+02
1203          	5.258005e+02
1204          	5.258007e+02
1205          	5.258009e+02
1206          	5.258012e+02
1207          	5.258014e+02
1208          	5.258016e+02
1209          	5.258019e+02
1210          	5.258021e+02
1211          	5.258024e+02
1212          	5.258026e+02
1213          	5.258028e+02
1214          	5.258031e+02
1215          	5.258033e+02
1216          	5.258035e+02
1217          	5.258038e+02
1218          	5.258040e+02
1219          	5.258042e+02
1220          	5.258044e+02
1221          	5.258047e+02
1222          	5.258049e+02
1223          	5.258051e+02
1224          	5.258054e+02
1225          	5.258056e+02
1226          	5.258058e+02
1227          	5.258060e+02
1228          	5.258063e+02
1229          	5.258065e+02
1230          	5.258067e+02
1231          	5.258069e+02
1232          	5.258072e+02
1233          	5.258074e+02
1234          	5.258076e+02
1235          	5.258078e+02
1236          	5.258080e+02
1237          	5.258083e+02
1238          	5.258085e+02
1239          	5.258087e+02
1240          	5.258089e+02
1241          	5.258091e+02
1242          	5.258093e+02
1243          	5.258096e+02
1244          	5.258098e+02
1245          	5.258100e+02
1246          	5.258102e+02
1247          	5.258104e+02
1248          	5.258106e+02
1249          	5.258109e+02
1250          	5.258111e+02
1251          	5.258113e+02
1252          	5.258115e+02
1253          	5.258117e+02
1254          	5.258119e+02
1255          	5.258121e+02
1256          	5.258124e+02
1257          	5.258126e+02
1258          	5.258128e+02
1259          	5.258130e+02
1260          	5.258132e+02
1261          	5.258134e+02
1262          	5.258136e+02
1263          	5.258138e+02
1264          	5.258141e+02
1265          	5.258143e+02
1266          	5.258145e+02
1267          	5.258147e+02
1268          	5.258149e+02
1269          	5.258151e+02
1270          	5.258153e+02
1271          	5.258155e+02
1272          	5.258157e+02
1273          	5.258159e+02
1274          	5.258161e+02
1275          	5.258163e+02
1276          	5.258165e+02
1277          	5.258167e+02
1278          	5.258169e+02
1279          	5.258171e+02
1280          	5.258173e+02
1281          	5.258175e+02
1282          	5.258177e+02
1283          	5.258179e+02
1284          	5.258181e+02
1285          	5.258183e+02
1286          	5.258185e+02
1287          	5.258187e+02
1288          	5.258189e+02
1289          	5.258190e+02
1290          	5.258192e+02
1291          	5.258194e+02
1292          	5.258196e+02
1293          	5.258198e+02
1294          	5.258199e+02
1295          	5.258201e+02
1296          	5.258203e+02
1297          	5.258205e+02
1298          	5.258207e+02
1299          	5.258208e+02
1300          	5.258210e+02
1301          	5.258212e+02
1302          	5.258213e+02
1303          	5.258215e+02
1304          	5.258217e+02
1305          	5.258218e+02
1306          	5.258220e+02
1307          	5.258222e+02
1308          	5.258223e+02
1309          	5.258225e+02
1310          	5.258226e+02
1311          	5.258228e+02
1312          	5.258229e+02
1313          	5.258231e+02
1314          	5.258233e+02
1315          	5.258234e+02
1316          	5.258236e+02
1317          	5.258237e+02
1318          	5.258239e+02
1319          	5.258240e+02
1320          	5.258242e+02
1321          	5.258243e+02
1322          	5.258244e+02
1323          	5.258246e+02
1324          	5.258247e+02
1325          	5.258249e+02
1326          	5.258250e+02
1327          	5.258252e+02
1328          	5.258253e+02
1329          	5.258254e+02
1330          	5.258256e+02
1331          	5.258257e+02
1332          	5.258259e+02
1333          	5.258260e+02
1334          	5.258261e+02
1335          	5.258263e+02
1336          	5.258264e+02
1337          	5.258265e+02
1338          	5.258267e+02
1339          	5.258268e+02
1340          	5.258269e+02
1341          	5.258271e+02
1342          	5.258272e+02
1343          	5.258273e+02
1344          	5.258275e+02
1345          	5.258276e+02
1346          	5.258277e+02
1347          	5.258279e+02
1348          	5.258280e+02
1349          	5.258281e+02
1350          	5.258283e+02
1351          	5.258284e+02
1352          	5.258285e+02
1353          	5.258286e+02
1354          	5.258288e+02
1355          	5.258289e+02
1356          	5.258290e+02
1357          	5.258291e+02
1358          	5.258293e+02
1359          	5.258294e+02
1360          	5.258295e+02
1361          	5.258296e+02
1362          	5.258298e+02
1363          	5.258299e+02
1364          	5.258300e+02
1365          	5.258301e+02
1366          	5.258303e+02
1367          	5.258304e+02
1368          	5.258305e+02
1369          	5.258306e+02
1370          	5.258308e+02
1371          	5.258309e+02
1372          	5.258310e+02
1373          	5.258311e+02
1374          	5.258313e+02
1375          	5.258314e+02
1376          	5.258315e+02
1377          	5.258316e+02
1378          	5.258317e+02
1379          	5.258319e+02
1380          	5.258320e+02
1381          	5.258321e+02
1382          	5.258322e+02
1383          	5.258323e+02
1384          	5.258325e+02
1385          	5.258326e+02
1386          	5.258327e+02
1387          	5.258328e+02
1388          	5.258329e+02
1389          	5.258330e+02
1390          	5.258332e+02
1391          	5.258333e+02
1392          	5.258334e+02
1393          	5.258335e+02
1394          	5.258336e+02
1395          	5.258337e+02
1396          	5.258339e+02
1397          	5.258340e+02
1398          	5.258341e+02
1399          	5.258342e+02
1400          	5.258343e+02
1401          	5.258344e+02
1402          	5.258345e+02
1403          	5.258347e+02
1404          	5.258348e+02
1405          	5.258349e+02
1406          	5.258350e+02
1407          	5.258351e+02
1408          	5.258352e+02
1409          	5.258353e+02
1410          	5.258354e+02
1411          	5.258355e+02
1412          	5.258356e+02
1413          	5.258357e+02
1414          	5.258359e+02
1415          	5.258360e+02
1416          	5.258361e+02
1417          	5.258362e+02
1418          	5.258363e+02
1419          	5.258364e+02
1420          	5.258365e+02
1421          	5.258366e+02
1422          	5.258367e+02
1423          	5.258368e+02
1424          	5.258369e+02
1425          	5.258370e+02
1426          	5.258371e+02
1427          	5.258372e+02
1428          	5.258373e+02
1429          	5.258374e+02
1430          	5.258375e+02
1431          	5.258376e+02
1432          	5.258377e+02
1433          	5.258378e+02
1434          	5.258379e+02
1435          	5.258380e+02
1436          	5.258381e+02
1437          	5.258382e+02
1438          	5.258383e+02
1439          	5.258384e+02
1440          	5.258385e+02
1441          	5.258386e+02
1442          	5.258386e+02
1443          	5.258387e+02
1444          	5.258388e+02
1445          	5.258389e+02
1446          	5.258390e+02
1447          	5.258391e+02
1448          	5.258392e+02
1449          	5.258393e+02
1450          	5.258394e+02
1451          	5.258395e+02
1452          	5.258395e+02
1453          	5.258396e+02
1454          	5.258397e+02
1455          	5.258398e+02
1456          	5.258399e+02
1457          	5.258400e+02
1458          	5.258400e+02
1459          	5.258401e+02
1460          	5.258402e+02
1461          	5.258403e+02
1462          	5.258404e+02
1463          	5.258405e+02
1464          	5.258405e+02
1465          	5.258406e+02
1466          	5.258407e+02
1467          	5.258408e+02
1468          	5.258408e+02
1469          	5.258409e+02
1470          	5.258410e+02
1471          	5.258411e+02
1472          	5.258411e+02
1473          	5.258412e+02
1474          	5.258413e+02
1475          	5.258414e+02
1476          	5.258414e+02
1477          	5.258415e+02
1478          	5.258416e+02
1479          	5.258416e+02
1480          	5.258417e+02
1481          	5.258418e+02
1482          	5.258418e+02
1483          	5.258419e+02
1484          	5.258420e+02
1485          	5.258420e+02
1486          	5.258421e+02
1487          	5.258422e+02
1488          	5.258422e+02
1489          	5.258423e+02
1490          	5.258424e+02
1491          	5.258424e+02
1492          	5.258425e+02
1493          	5.258425e+02
1494          	5.258426e+02
1495          	5.258427e+02
1496          	5.258427e+02
1497          	5.258428e+02
1498          	5.258428e+02
1499          	5.258429e+02
1500          	5.258429e+02
1501          	5.258430e+02
1502          	5.258431e+02
1503          	5.258431e+02
1504          	5.258432e+02
1505          	5.258432e+02
1506          	5.258433e+02
1507          	5.258433e+02
1508          	5.258434e+02
1509          	5.258434e+02
1510          	5.258435e+02
1511          	5.258435e+02
1512          	5.258436e+02
1513          	5.258436e+02
1514          	5.258437e+02
1515          	5.258437e+02
1516          	5.258437e+02
1517          	5.258438e+02
1518          	5.258438e+02
1519          	5.258439e+02
1520          	5.258439e+02
1521          	5.258440e+02
1522          	5.258440e+02
1523          	5.258441e+02
1524          	5.258441e+02
1525          	5.258441e+02
1526          	5.258442e+02
1527          	5.258442e+02
1528          	5.258443e+02
1529          	5.258443e+02
1530          	5.258443e+02
1531          	5.258444e+02
1532          	5.258444e+02
1533          	5.258445e+02
1534          	5.258445e+02
1535          	5.258445e+02
1536          	5.258446e+02
1537          	5.258446e+02
1538          	5.258446e+02
1539          	5.258447e+02
1540          	5.258447e+02
1541          	5.258447e+02
1542          	5.258447e+02
1543          	5.258447e+02
1544          	5.258447e+02
1545          	5.258447e+02
1546          	5.258447e+02
1547          	5.258447e+02
1548          	5.258447e+02
1549          	5.258447e+02
1550          	5.258447e+02
1551          	5.258447e+02
1552          	5.258447e+02
1553          	5.258447e+02
1554          	5.258447e+02
1555          	5.258447e+02
1556          	5.258447e+02
1557          	5.258447e+02
1558          	5.258447e+02
1559          	5.258447e+02
1560          	5.258447e+02
1561          	5.258447e+02
1562          	5.258447e+02
1563          	5.258447e+02
1564          	5.258447e+02
1565          	5.258447e+02
1566          	5.258447e+02
1567          	5.258447e+02
1568          	5.258447e+02
1569          	5.258447e+02
1570          	5.258447e+02
1571          	5.258447e+02
1572          	5.258447e+02
1573          	5.258447e+02
1574          	5.258447e+02
1575          	5.258447e+02
1576          	5.258447e+02
1577          	5.258447e+02
1578          	5.258447e+02
1579          	5.258447e+02
1580          	5.258447e+02
1581          	5.258447e+02
1582          	5.258447e+02
1583          	5.258447e+02
1584          	5.258447e+02
1585          	5.258447e+02
1586          	5.258447e+02
1587          	5.258447e+02
1588          	5.258447e+02
1589          	5.258447e+02
1590          	5.258447e+02
1591          	5.258447e+02
1592          	5.258447e+02
1593          	5.258447e+02
1594          	5.258447e+02
1595          	5.258447e+02
1596          	5.258447e+02
1597          	5.258447e+02
1598          	5.258447e+02
1599          	5.258447e+02
1600          	5.258447e+02
1601          	5.258447e+02
1602          	5.258447e+02
1603          	5.258447e+02
1604          	5.258447e+02
1605          	5.258447e+02
1606          	5.258447e+02
1607          	5.258447e+02
1608          	5.258447e+02
1609          	5.258447e+02
1610          	5.258447e+02
1611          	5.258447e+02
1612          	5.258447e+02
1613          	5.258447e+02
1614          	5.258447e+02
1615          	5.258447e+02
1616          	5.258447e+02
1617          	5.258447e+02
1618          	5.258447e+02
1619          	5.258447e+02
1620          	5.258447e+02
1621          	5.258447e+02
1622          	5.258447e+02
1623          	5.258447e+02
1624          	5.258447e+02
1625          	5.258447e+02
1626          	5.258447e+02
1627          	5.258447e+02
1628          	5.258447e+02
1629          	5.258447e+02
1630          	5.258447e+02
1631          	5.258447e+02
1632          	5.258447e+02
1633          	5.258447e+02
1634          	5.258447e+02
1635          	5.258447e+02
1636          	5.258447e+02
1637          	5.258447e+02
1638          	5.258447e+02
1639          	5.258447e+02
1640          	5.258447e+02
1641          	5.258447e+02
1642          	5.258447e+02
1643          	5.258447e+02
1644          	5.258447e+02
1645          	5.258447e+02
1646          	5.258447e+02
1647          	5.258447e+02
1648          	5.258447e+02
1649          	5.258447e+02
1650          	5.258447e+02
1651          	5.258447e+02
1652          	5.258447e+02
1653          	5.258447e+02
1654          	5.258447e+02
1655          	5.258447e+02
1656          	5.258447e+02
1657          	5.258447e+02
1658          	5.258447e+02
1659          	5.258447e+02
1660          	5.258447e+02
1661          	5.258447e+02
1662          	5.258447e+02
1663          	5.258447e+02
1664          	5.258447e+02
1665          	5.258447e+02
1666          	5.258447e+02
1667          	5.258447e+02
1668          	5.258447e+02
1669          	5.258447e+02
1670          	5.258447e+02
1671          	5.258447e+02
1672          	5.258447e+02
1673          	5.258447e+02
1674          	5.258447e+02
1675          	5.258447e+02
1676          	5.258447e+02
1677          	5.258447e+02
1678          	5.258447e+02
1679          	5.258447e+02
1680          	5.258447e+02
1681          	5.258447e+02
1682          	5.258447e+02
1683          	5.258447e+02
1684          	5.258447e+02
1685          	5.258447e+02
1686          	5.258447e+02
1687          	5.258447e+02
1688          	5.258447e+02
1689          	5.258447e+02
1690          	5.258447e+02
1691          	5.258447e+02
1692          	5.258447e+02
1693          	5.258447e+02
1694          	5.258447e+02
1695          	5.258447e+02
1696          	5.258447e+02
1697          	5.258447e+02
1698          	5.258447e+02
1699          	5.258447e+02
1700          	5.258447e+02
1701          	5.258447e+02
1702          	5.258447e+02
1703          	5.258447e+02
1704          	5.258447e+02
1705          	5.258447e+02
1706          	5.258447e+02
1707          	5.258447e+02
1708          	5.258447e+02
1709          	5.258447e+02
1710          	5.258447e+02
1711          	5.258447e+02
1712          	5.258447e+02
1713          	5.258447e+02
1714          	5.258448e+02
1715          	5.258448e+02
1716          	5.258448e+02
1717          	5.258448e+02
1718          	5.258448e+02
1719          	5.258448e+02
1720          	5.258448e+02
1721          	5.258448e+02
1722          	5.258448e+02
1723          	5.258448e+02
1724          	5.258448e+02
1725          	5.258448e+02
1726          	5.258448e+02
1727          	5.258448e+02
1728          	5.258448e+02
1729          	5.258448e+02
1730          	5.258448e+02
1731          	5.258448e+02
1732          	5.258448e+02
1733          	5.258448e+02
1734          	5.258449e+02
1735          	5.258449e+02
1736          	5.258450e+02
1737          	5.258450e+02
1738          	5.258450e+02
1739          	5.258450e+02
1740          	5.258450e+02
1741          	5.258450e+02
1742          	5.258450e+02
1743          	5.258450e+02
1744          	5.258450e+02
1745          	5.258450e+02
1746          	5.258450e+02
1747          	5.258450e+02
1748          	5.258450e+02
1749          	5.258450e+02
1750          	5.258450e+02
1751          	5.258450e+02
1752          	5.258450e+02
1753          	5.258451e+02
1754          	5.258451e+02
1755          	5.258451e+02
1756          	5.258452e+02
1757          	5.258452e+02
1758          	5.258452e+02
1759          	5.258453e+02
1760          	5.258453e+02
1761          	5.258453e+02
1762          	5.258453e+02
1763          	5.258453e+02
1764          	5.258453e+02
1765          	5.258453e+02
1766          	5.258453e+02
1767          	5.258453e+02
1768          	5.258453e+02
1769          	5.258453e+02
1770          	5.258453e+02
1771          	5.258453e+02
1772          	5.258453e+02
1773          	5.258453e+02
1774          	5.258453e+02
1775          	5.258454e+02
1776          	5.258454e+02
1777          	5.258454e+02
1778          	5.258454e+02
1779          	5.258454e+02
1780          	5.258454e+02
1781          	5.258454e+02
1782          	5.258454e+02
1783          	5.258454e+02
1784          	5.258454e+02
1785          	5.258454e+02
1786          	5.258454e+02
1787          	5.258454e+02
1788          	5.258454e+02
1789          	5.258454e+02
1790          	5.258454e+02
1791          	5.258454e+02
1792          	5.258455e+02
1793          	5.258455e+02
1794          	5.258455e+02
1795          	5.258456e+02
1796          	5.258456e+02
1797          	5.258456e+02
1798          	5.258456e+02
1799          	5.258456e+02
1800          	5.258456e+02
1801          	5.258456e+02
1802          	5.258456e+02
1803          	5.258456e+02
1804          	5.258456e+02
1805          	5.258456e+02
1806          	5.258456e+02
1807          	5.258456e+02
1808          	5.258456e+02
1809          	5.258456e+02
1810          	5.258456e+02
1811          	5.258456e+02
1812          	5.258456e+02
1813          	5.258457e+02
1814          	5.258457e+02
1815          	5.258457e+02
1816          	5.258457e+02
1817          	5.258457e+02
1818          	5.258457e+02
1819          	5.258457e+02
1820          	5.258457e+02
1821          	5.258457e+02
1822          	5.258457e+02
1823          	5.258457e+02
1824          	5.258457e+02
1825          	5.258457e+02
1826          	5.258457e+02
1827          	5.258457e+02
1828          	5.258457e+02
1829          	5.258457e+02
1830          	5.258458e+02
1831          	5.258458e+02
1832          	5.258458e+02
1833          	5.258459e+02
1834          	5.258459e+02
1835          	5.258459e+02
1836          	5.258459e+02
1837          	5.258459e+02
1838          	5.258459e+02
1839          	5.258459e+02
1840          	5.258459e+02
1841          	5.258459e+02
1842          	5.258459e+02
1843          	5.258459e+02
1844          	5.258459e+02
1845          	5.258459e+02
1846          	5.258459e+02
1847          	5.258459e+02
1848          	5.258459e+02
1849          	5.258459e+02
1850          	5.258459e+02
1851          	5.258460e+02
1852          	5.258460e+02
1853          	5.258460e+02
1854          	5.258461e+02
1855          	5.258461e+02
1856          	5.258461e+02
1857          	5.258461e+02
1858          	5.258461e+02
1859          	5.258461e+02
1860          	5.258461e+02
1861          	5.258462e+02
1862          	5.258462e+02
1863          	5.258462e+02
1864          	5.258462e+02
1865          	5.258462e+02
1866          	5.258462e+02
1867          	5.258462e+02
1868          	5.258462e+02
1869          	5.258462e+02
1870          	5.258462e+02
1871          	5.258462e+02
1872          	5.258462e+02
1873          	5.258462e+02
1874          	5.258462e+02
1875          	5.258462e+02
1876          	5.258462e+02
1877          	5.258462e+02
1878          	5.258462e+02
1879          	5.258462e+02
1880          	5.258462e+02
1881          	5.258462e+02
1882          	5.258462e+02
1883          	5.258462e+02
1884          	5.258462e+02
1885          	5.258462e+02
1886          	5.258462e+02
1887          	5.258462e+02
1888          	5.258462e+02
1889          	5.258462e+02
1890          	5.258462e+02
1891          	5.258462e+02
1892          	5.258462e+02
1893          	5.258462e+02
1894          	5.258462e+02
1895          	5.258462e+02
1896          	5.258462e+02
1897          	5.258462e+02
1898          	5.258462e+02
1899          	5.258462e+02
1900          	5.258462e+02
1901          	5.258462e+02
1902          	5.258462e+02
1903          	5.258462e+02
1904          	5.258462e+02
1905          	5.258462e+02
1906          	5.258462e+02
1907          	5.258462e+02
1908          	5.258462e+02
1909          	5.258462e+02
1910          	5.258462e+02
1911          	5.258462e+02
1912          	5.258462e+02
1913          	5.258462e+02
1914          	5.258462e+02
1915          	5.258462e+02
1916          	5.258462e+02
1917          	5.258462e+02
1918          	5.258462e+02
1919          	5.258462e+02
1920          	5.258462e+02
1921          	5.258462e+02
1922          	5.258462e+02
1923          	5.258462e+02
1924          	5.258462e+02
1925          	5.258462e+02
1926          	5.258462e+02
1927          	5.258462e+02
1928          	5.258462e+02
1929          	5.258462e+02
1930          	5.258462e+02
1931          	5.258462e+02
1932          	5.258462e+02
1933          	5.258462e+02
1934          	5.258462e+02
1935          	5.258462e+02
1936          	5.258462e+02
1937          	5.258462e+02
1938          	5.258462e+02
1939          	5.258462e+02
1940          	5.258462e+02
1941          	5.258462e+02
1942          	5.258462e+02
1943          	5.258462e+02
1944          	5.258462e+02
1945          	5.258462e+02
1946          	5.258462e+02
1947          	5.258462e+02
1948          	5.258462e+02
1949          	5.258462e+02
1950          	5.258462e+02
1951          	5.258462e+02
1952          	5.258462e+02
1953          	5.258462e+02
1954          	5.258462e+02
1955          	5.258462e+02
1956          	5.258462e+02
1957          	5.258462e+02
1958          	5.258462e+02
1959          	5.258462e+02
1960          	5.258462e+02
1961          	5.258462e+02
1962          	5.258462e+02
1963          	5.258462e+02
1964          	5.258462e+02
1965          	5.258462e+02
1966          	5.258462e+02
1967          	5.258462e+02
1968          	5.258462e+02
1969          	5.258462e+02
1970          	5.258462e+02
1971          	5.258462e+02
1972          	5.258462e+02
1973          	5.258462e+02
1974          	5.258462e+02
1975          	5.258462e+02
1976          	5.258462e+02
1977          	5.258462e+02
1978          	5.258462e+02
1979          	5.258462e+02
1980          	5.258462e+02
1981          	5.258462e+02
1982          	5.258462e+02
1983          	5.258462e+02
1984          	5.258462e+02
1985          	5.258462e+02
1986          	5.258462e+02
1987          	5.258462e+02
1988          	5.258462e+02
1989          	5.258462e+02
1990          	5.258462e+02
1991          	5.258462e+02
1992          	5.258462e+02
1993          	5.258462e+02
1994          	5.258462e+02
1995          	5.258462e+02
1996          	5.258462e+02
1997          	5.258462e+02
1998          	5.258462e+02
1999          	5.258462e+02
2000          	5.258462e+02
