# Region type : patch heater_to_fins
# Faces  :    56
# Area   :    1.000000e-04
# Time        	areaAverage(T)
0             	2.969000e+02
1             	2.969000e+02
2             	2.993004e+02
3             	3.016731e+02
4             	3.040462e+02
5             	3.064087e+02
6             	3.087557e+02
7             	3.110850e+02
8             	3.133955e+02
9             	3.156866e+02
10            	3.179580e+02
11            	3.202098e+02
12            	3.224418e+02
13            	3.246545e+02
14            	3.268478e+02
15            	3.290219e+02
16            	3.311772e+02
17            	3.333137e+02
18            	3.354316e+02
19            	3.375313e+02
20            	3.396130e+02
21            	3.416767e+02
22            	3.437227e+02
23            	3.457511e+02
24            	3.477622e+02
25            	3.497561e+02
26            	3.517330e+02
27            	3.536929e+02
28            	3.556360e+02
29            	3.575625e+02
30            	3.594724e+02
31            	3.613658e+02
32            	3.632425e+02
33            	3.651026e+02
34            	3.669462e+02
35            	3.687733e+02
36            	3.705841e+02
37            	3.723787e+02
38            	3.741571e+02
39            	3.759194e+02
40            	3.776658e+02
41            	3.793965e+02
42            	3.811115e+02
43            	3.828110e+02
44            	3.844951e+02
45            	3.861640e+02
46            	3.878178e+02
47            	3.894566e+02
48            	3.910804e+02
49            	3.926896e+02
50            	3.942841e+02
51            	3.958642e+02
52            	3.974299e+02
53            	3.989813e+02
54            	4.005187e+02
55            	4.020421e+02
56            	4.035517e+02
57            	4.050476e+02
58            	4.065298e+02
59            	4.079985e+02
60            	4.094539e+02
61            	4.108959e+02
62            	4.123249e+02
63            	4.137409e+02
64            	4.151439e+02
65            	4.165342e+02
66            	4.179118e+02
67            	4.192768e+02
68            	4.206293e+02
69            	4.219696e+02
70            	4.232977e+02
71            	4.246137e+02
72            	4.259177e+02
73            	4.272099e+02
74            	4.284903e+02
75            	4.297591e+02
76            	4.310162e+02
77            	4.322619e+02
78            	4.334962e+02
79            	4.347193e+02
80            	4.359311e+02
81            	4.371319e+02
82            	4.383217e+02
83            	4.395007e+02
84            	4.406688e+02
85            	4.418262e+02
86            	4.429731e+02
87            	4.441095e+02
88            	4.452355e+02
89            	4.463512e+02
90            	4.474567e+02
91            	4.485521e+02
92            	4.496375e+02
93            	4.507129e+02
94            	4.517785e+02
95            	4.528343e+02
96            	4.538805e+02
97            	4.549170e+02
98            	4.559441e+02
99            	4.569617e+02
100           	4.579699e+02
101           	4.589689e+02
102           	4.599588e+02
103           	4.609395e+02
104           	4.619112e+02
105           	4.628740e+02
106           	4.638280e+02
107           	4.647731e+02
108           	4.657096e+02
109           	4.666374e+02
110           	4.675567e+02
111           	4.684675e+02
112           	4.693700e+02
113           	4.702641e+02
114           	4.711500e+02
115           	4.720277e+02
116           	4.728973e+02
117           	4.737589e+02
118           	4.746125e+02
119           	4.754582e+02
120           	4.762961e+02
121           	4.771263e+02
122           	4.779487e+02
123           	4.787635e+02
124           	4.795708e+02
125           	4.803706e+02
126           	4.811629e+02
127           	4.819478e+02
128           	4.827255e+02
129           	4.834959e+02
130           	4.842592e+02
131           	4.850153e+02
132           	4.857644e+02
133           	4.865065e+02
134           	4.872417e+02
135           	4.879700e+02
136           	4.886916e+02
137           	4.894064e+02
138           	4.901145e+02
139           	4.908159e+02
140           	4.915109e+02
141           	4.921993e+02
142           	4.928813e+02
143           	4.935569e+02
144           	4.942262e+02
145           	4.948892e+02
146           	4.955460e+02
147           	4.961967e+02
148           	4.968412e+02
149           	4.974798e+02
150           	4.981123e+02
151           	4.987390e+02
152           	4.993597e+02
153           	4.999747e+02
154           	5.005838e+02
155           	5.011873e+02
156           	5.017851e+02
157           	5.023773e+02
158           	5.029639e+02
159           	5.035450e+02
160           	5.041206e+02
161           	5.046908e+02
162           	5.052557e+02
163           	5.058152e+02
164           	5.063695e+02
165           	5.069186e+02
166           	5.074625e+02
167           	5.080013e+02
168           	5.085351e+02
169           	5.090638e+02
170           	5.095875e+02
171           	5.101063e+02
172           	5.106203e+02
173           	5.111294e+02
174           	5.116336e+02
175           	5.121332e+02
176           	5.126280e+02
177           	5.131182e+02
178           	5.136037e+02
179           	5.140847e+02
180           	5.145611e+02
181           	5.150330e+02
182           	5.155005e+02
183           	5.159636e+02
184           	5.164223e+02
185           	5.168767e+02
186           	5.173268e+02
187           	5.177727e+02
188           	5.182143e+02
189           	5.186518e+02
190           	5.190852e+02
191           	5.195144e+02
192           	5.199397e+02
193           	5.203609e+02
194           	5.207782e+02
195           	5.211915e+02
196           	5.216009e+02
197           	5.220065e+02
198           	5.224083e+02
199           	5.228062e+02
200           	5.232004e+02
201           	5.235909e+02
202           	5.239777e+02
203           	5.243609e+02
204           	5.247404e+02
205           	5.251164e+02
206           	5.254888e+02
207           	5.258576e+02
208           	5.262230e+02
209           	5.265849e+02
210           	5.269434e+02
211           	5.272985e+02
212           	5.276502e+02
213           	5.279985e+02
214           	5.283436e+02
215           	5.286853e+02
216           	5.290239e+02
217           	5.293592e+02
218           	5.296913e+02
219           	5.300203e+02
220           	5.303462e+02
221           	5.306690e+02
222           	5.309887e+02
223           	5.313054e+02
224           	5.316191e+02
225           	5.319298e+02
226           	5.322376e+02
227           	5.325424e+02
228           	5.328444e+02
229           	5.331434e+02
230           	5.334397e+02
231           	5.337331e+02
232           	5.340238e+02
233           	5.343117e+02
234           	5.345969e+02
235           	5.348793e+02
236           	5.351591e+02
237           	5.354363e+02
238           	5.357108e+02
239           	5.359827e+02
240           	5.362520e+02
241           	5.365188e+02
242           	5.367831e+02
243           	5.370448e+02
244           	5.373041e+02
245           	5.375609e+02
246           	5.378153e+02
247           	5.380672e+02
248           	5.383168e+02
249           	5.385640e+02
250           	5.388088e+02
251           	5.390514e+02
252           	5.392916e+02
253           	5.395296e+02
254           	5.397652e+02
255           	5.399987e+02
256           	5.402299e+02
257           	5.404590e+02
258           	5.406859e+02
259           	5.409106e+02
260           	5.411332e+02
261           	5.413536e+02
262           	5.415720e+02
263           	5.417883e+02
264           	5.420026e+02
265           	5.422148e+02
266           	5.424250e+02
267           	5.426332e+02
268           	5.428395e+02
269           	5.430438e+02
270           	5.432461e+02
271           	5.434465e+02
272           	5.436450e+02
273           	5.438416e+02
274           	5.440364e+02
275           	5.442293e+02
276           	5.444203e+02
277           	5.446096e+02
278           	5.447970e+02
279           	5.449827e+02
280           	5.451666e+02
281           	5.453488e+02
282           	5.455292e+02
283           	5.457079e+02
284           	5.458849e+02
285           	5.460603e+02
286           	5.462339e+02
287           	5.464060e+02
288           	5.465764e+02
289           	5.467451e+02
290           	5.469123e+02
291           	5.470778e+02
292           	5.472418e+02
293           	5.474043e+02
294           	5.475652e+02
295           	5.477246e+02
296           	5.478824e+02
297           	5.480388e+02
298           	5.481936e+02
299           	5.483470e+02
300           	5.484990e+02
301           	5.486495e+02
302           	5.487985e+02
303           	5.489462e+02
304           	5.490924e+02
305           	5.492373e+02
306           	5.493808e+02
307           	5.495229e+02
308           	5.496636e+02
309           	5.498031e+02
310           	5.499412e+02
311           	5.500780e+02
312           	5.502135e+02
313           	5.503477e+02
314           	5.504806e+02
315           	5.506123e+02
316           	5.507427e+02
317           	5.508719e+02
318           	5.509999e+02
319           	5.511266e+02
320           	5.512521e+02
321           	5.513765e+02
322           	5.514996e+02
323           	5.516216e+02
324           	5.517425e+02
325           	5.518622e+02
326           	5.519807e+02
327           	5.520982e+02
328           	5.522145e+02
329           	5.523297e+02
330           	5.524438e+02
331           	5.525569e+02
332           	5.526689e+02
333           	5.527798e+02
334           	5.528897e+02
335           	5.529985e+02
336           	5.531063e+02
337           	5.532131e+02
338           	5.533189e+02
339           	5.534237e+02
340           	5.535275e+02
341           	5.536304e+02
342           	5.537322e+02
343           	5.538331e+02
344           	5.539331e+02
345           	5.540321e+02
346           	5.541301e+02
347           	5.542273e+02
348           	5.543235e+02
349           	5.544188e+02
350           	5.545132e+02
351           	5.546067e+02
352           	5.546993e+02
353           	5.547911e+02
354           	5.548819e+02
355           	5.549719e+02
356           	5.550611e+02
357           	5.551494e+02
358           	5.552369e+02
359           	5.553236e+02
360           	5.554095e+02
361           	5.554945e+02
362           	5.555788e+02
363           	5.556622e+02
364           	5.557449e+02
365           	5.558268e+02
366           	5.559080e+02
367           	5.559883e+02
368           	5.560680e+02
369           	5.561469e+02
370           	5.562250e+02
371           	5.563025e+02
372           	5.563792e+02
373           	5.564552e+02
374           	5.565305e+02
375           	5.566051e+02
376           	5.566790e+02
377           	5.567522e+02
378           	5.568247e+02
379           	5.568965e+02
380           	5.569677e+02
381           	5.570382e+02
382           	5.571081e+02
383           	5.571773e+02
384           	5.572459e+02
385           	5.573138e+02
386           	5.573811e+02
387           	5.574478e+02
388           	5.575138e+02
389           	5.575792e+02
390           	5.576440e+02
391           	5.577083e+02
392           	5.577719e+02
393           	5.578349e+02
394           	5.578973e+02
395           	5.579592e+02
396           	5.580205e+02
397           	5.580812e+02
398           	5.581413e+02
399           	5.582009e+02
400           	5.582600e+02
401           	5.583184e+02
402           	5.583764e+02
403           	5.584337e+02
404           	5.584906e+02
405           	5.585469e+02
406           	5.586027e+02
407           	5.586580e+02
408           	5.587128e+02
409           	5.587670e+02
410           	5.588208e+02
411           	5.588740e+02
412           	5.589268e+02
413           	5.589791e+02
414           	5.590308e+02
415           	5.590821e+02
416           	5.591330e+02
417           	5.591833e+02
418           	5.592332e+02
419           	5.592826e+02
420           	5.593316e+02
421           	5.593801e+02
422           	5.594282e+02
423           	5.594758e+02
424           	5.595230e+02
425           	5.595697e+02
426           	5.596160e+02
427           	5.596619e+02
428           	5.597074e+02
429           	5.597524e+02
430           	5.597970e+02
431           	5.598411e+02
432           	5.598849e+02
433           	5.599282e+02
434           	5.599711e+02
435           	5.600137e+02
436           	5.600557e+02
437           	5.600974e+02
438           	5.601387e+02
439           	5.601796e+02
440           	5.602200e+02
441           	5.602601e+02
442           	5.602998e+02
443           	5.603391e+02
444           	5.603780e+02
445           	5.604165e+02
446           	5.604546e+02
447           	5.604924e+02
448           	5.605298e+02
449           	5.605668e+02
450           	5.606035e+02
451           	5.606398e+02
452           	5.606757e+02
453           	5.607113e+02
454           	5.607466e+02
455           	5.607815e+02
456           	5.608161e+02
457           	5.608504e+02
458           	5.608844e+02
459           	5.609180e+02
460           	5.609513e+02
461           	5.609844e+02
462           	5.610171e+02
463           	5.610495e+02
464           	5.610817e+02
465           	5.611135e+02
466           	5.611451e+02
467           	5.611764e+02
468           	5.612074e+02
469           	5.612382e+02
470           	5.612687e+02
471           	5.612989e+02
472           	5.613288e+02
473           	5.613585e+02
474           	5.613880e+02
475           	5.614172e+02
476           	5.614461e+02
477           	5.614748e+02
478           	5.615033e+02
479           	5.615315e+02
480           	5.615595e+02
481           	5.615872e+02
482           	5.616147e+02
483           	5.616420e+02
484           	5.616690e+02
485           	5.616958e+02
486           	5.617224e+02
487           	5.617487e+02
488           	5.617748e+02
489           	5.618007e+02
490           	5.618263e+02
491           	5.618517e+02
492           	5.618769e+02
493           	5.619018e+02
494           	5.619265e+02
495           	5.619509e+02
496           	5.619752e+02
497           	5.619992e+02
498           	5.620230e+02
499           	5.620466e+02
500           	5.620699e+02
501           	5.620930e+02
502           	5.621159e+02
503           	5.621386e+02
504           	5.621611e+02
505           	5.621834e+02
506           	5.622055e+02
507           	5.622273e+02
508           	5.622490e+02
509           	5.622704e+02
510           	5.622917e+02
511           	5.623127e+02
512           	5.623336e+02
513           	5.623542e+02
514           	5.623747e+02
515           	5.623950e+02
516           	5.624150e+02
517           	5.624349e+02
518           	5.624546e+02
519           	5.624741e+02
520           	5.624934e+02
521           	5.625125e+02
522           	5.625315e+02
523           	5.625502e+02
524           	5.625688e+02
525           	5.625872e+02
526           	5.626054e+02
527           	5.626235e+02
528           	5.626413e+02
529           	5.626590e+02
530           	5.626766e+02
531           	5.626939e+02
532           	5.627111e+02
533           	5.627281e+02
534           	5.627450e+02
535           	5.627617e+02
536           	5.627782e+02
537           	5.627946e+02
538           	5.628108e+02
539           	5.628269e+02
540           	5.628428e+02
541           	5.628585e+02
542           	5.628741e+02
543           	5.628895e+02
544           	5.629048e+02
545           	5.629200e+02
546           	5.629350e+02
547           	5.629498e+02
548           	5.629645e+02
549           	5.629791e+02
550           	5.629935e+02
551           	5.630078e+02
552           	5.630219e+02
553           	5.630359e+02
554           	5.630498e+02
555           	5.630635e+02
556           	5.630771e+02
557           	5.630906e+02
558           	5.631039e+02
559           	5.631171e+02
560           	5.631302e+02
561           	5.631432e+02
562           	5.631560e+02
563           	5.631687e+02
564           	5.631812e+02
565           	5.631937e+02
566           	5.632060e+02
567           	5.632182e+02
568           	5.632303e+02
569           	5.632423e+02
570           	5.632541e+02
571           	5.632659e+02
572           	5.632775e+02
573           	5.632890e+02
574           	5.633004e+02
575           	5.633116e+02
576           	5.633228e+02
577           	5.633339e+02
578           	5.633448e+02
579           	5.633557e+02
580           	5.633664e+02
581           	5.633771e+02
582           	5.633876e+02
583           	5.633980e+02
584           	5.634083e+02
585           	5.634186e+02
586           	5.634287e+02
587           	5.634387e+02
588           	5.634486e+02
589           	5.634585e+02
590           	5.634682e+02
591           	5.634778e+02
592           	5.634874e+02
593           	5.634968e+02
594           	5.635062e+02
595           	5.635155e+02
596           	5.635246e+02
597           	5.635337e+02
598           	5.635427e+02
599           	5.635516e+02
600           	5.635604e+02
601           	5.635692e+02
602           	5.635778e+02
603           	5.635864e+02
604           	5.635949e+02
605           	5.636033e+02
606           	5.636116e+02
607           	5.636198e+02
608           	5.636280e+02
609           	5.636360e+02
610           	5.636440e+02
611           	5.636520e+02
612           	5.636598e+02
613           	5.636675e+02
614           	5.636752e+02
615           	5.636828e+02
616           	5.636904e+02
617           	5.636978e+02
618           	5.637052e+02
619           	5.637125e+02
620           	5.637198e+02
621           	5.637270e+02
622           	5.637341e+02
623           	5.637411e+02
624           	5.637481e+02
625           	5.637550e+02
626           	5.637618e+02
627           	5.637686e+02
628           	5.637753e+02
629           	5.637819e+02
630           	5.637885e+02
631           	5.637950e+02
632           	5.638014e+02
633           	5.638078e+02
634           	5.638141e+02
635           	5.638203e+02
636           	5.638265e+02
637           	5.638327e+02
638           	5.638387e+02
639           	5.638447e+02
640           	5.638507e+02
641           	5.638566e+02
642           	5.638624e+02
643           	5.638682e+02
644           	5.638739e+02
645           	5.638796e+02
646           	5.638852e+02
647           	5.638908e+02
648           	5.638963e+02
649           	5.639017e+02
650           	5.639071e+02
651           	5.639125e+02
652           	5.639178e+02
653           	5.639230e+02
654           	5.639282e+02
655           	5.639333e+02
656           	5.639384e+02
657           	5.639434e+02
658           	5.639484e+02
659           	5.639534e+02
660           	5.639583e+02
661           	5.639631e+02
662           	5.639679e+02
663           	5.639727e+02
664           	5.639774e+02
665           	5.639820e+02
666           	5.639866e+02
667           	5.639912e+02
668           	5.639957e+02
669           	5.640002e+02
670           	5.640046e+02
671           	5.640090e+02
672           	5.640134e+02
673           	5.640177e+02
674           	5.640219e+02
675           	5.640262e+02
676           	5.640304e+02
677           	5.640345e+02
678           	5.640386e+02
679           	5.640427e+02
680           	5.640467e+02
681           	5.640507e+02
682           	5.640546e+02
683           	5.640585e+02
684           	5.640624e+02
685           	5.640662e+02
686           	5.640700e+02
687           	5.640737e+02
688           	5.640775e+02
689           	5.640811e+02
690           	5.640848e+02
691           	5.640884e+02
692           	5.640920e+02
693           	5.640955e+02
694           	5.640990e+02
695           	5.641025e+02
696           	5.641059e+02
697           	5.641093e+02
698           	5.641127e+02
699           	5.641161e+02
700           	5.641194e+02
701           	5.641226e+02
702           	5.641259e+02
703           	5.641291e+02
704           	5.641323e+02
705           	5.641354e+02
706           	5.641385e+02
707           	5.641416e+02
708           	5.641447e+02
709           	5.641477e+02
710           	5.641507e+02
711           	5.641537e+02
712           	5.641566e+02
713           	5.641595e+02
714           	5.641624e+02
715           	5.641653e+02
716           	5.641681e+02
717           	5.641709e+02
718           	5.641737e+02
719           	5.641764e+02
720           	5.641791e+02
721           	5.641818e+02
722           	5.641845e+02
723           	5.641871e+02
724           	5.641897e+02
725           	5.641923e+02
726           	5.641949e+02
727           	5.641974e+02
728           	5.641999e+02
729           	5.642024e+02
730           	5.642049e+02
731           	5.642073e+02
732           	5.642098e+02
733           	5.642122e+02
734           	5.642145e+02
735           	5.642169e+02
736           	5.642192e+02
737           	5.642215e+02
738           	5.642238e+02
739           	5.642260e+02
740           	5.642283e+02
741           	5.642305e+02
742           	5.642327e+02
743           	5.642349e+02
744           	5.642370e+02
745           	5.642391e+02
746           	5.642413e+02
747           	5.642433e+02
748           	5.642454e+02
749           	5.642475e+02
750           	5.642495e+02
751           	5.642515e+02
752           	5.642535e+02
753           	5.642555e+02
754           	5.642574e+02
755           	5.642593e+02
756           	5.642613e+02
757           	5.642632e+02
758           	5.642650e+02
759           	5.642669e+02
760           	5.642687e+02
761           	5.642705e+02
762           	5.642724e+02
763           	5.642741e+02
764           	5.642759e+02
765           	5.642777e+02
766           	5.642794e+02
767           	5.642811e+02
768           	5.642828e+02
769           	5.642845e+02
770           	5.642862e+02
771           	5.642878e+02
772           	5.642895e+02
773           	5.642911e+02
774           	5.642927e+02
775           	5.642943e+02
776           	5.642959e+02
777           	5.642974e+02
778           	5.642990e+02
779           	5.643005e+02
780           	5.643020e+02
781           	5.643035e+02
782           	5.643050e+02
783           	5.643065e+02
784           	5.643079e+02
785           	5.643094e+02
786           	5.643108e+02
787           	5.643122e+02
788           	5.643136e+02
789           	5.643150e+02
790           	5.643164e+02
791           	5.643177e+02
792           	5.643191e+02
793           	5.643204e+02
794           	5.643217e+02
795           	5.643230e+02
796           	5.643243e+02
797           	5.643256e+02
798           	5.643269e+02
799           	5.643281e+02
800           	5.643294e+02
801           	5.643306e+02
802           	5.643318e+02
803           	5.643331e+02
804           	5.643343e+02
805           	5.643354e+02
806           	5.643366e+02
807           	5.643378e+02
808           	5.643389e+02
809           	5.643401e+02
810           	5.643412e+02
811           	5.643423e+02
812           	5.643434e+02
813           	5.643445e+02
814           	5.643456e+02
815           	5.643467e+02
816           	5.643478e+02
817           	5.643488e+02
818           	5.643499e+02
819           	5.643509e+02
820           	5.643519e+02
821           	5.643529e+02
822           	5.643540e+02
823           	5.643549e+02
824           	5.643559e+02
825           	5.643569e+02
826           	5.643579e+02
827           	5.643588e+02
828           	5.643598e+02
829           	5.643607e+02
830           	5.643617e+02
831           	5.643626e+02
832           	5.643635e+02
833           	5.643644e+02
834           	5.643653e+02
835           	5.643662e+02
836           	5.643671e+02
837           	5.643679e+02
838           	5.643688e+02
839           	5.643696e+02
840           	5.643705e+02
841           	5.643713e+02
842           	5.643721e+02
843           	5.643730e+02
844           	5.643738e+02
845           	5.643746e+02
846           	5.643754e+02
847           	5.643762e+02
848           	5.643769e+02
849           	5.643777e+02
850           	5.643785e+02
851           	5.643792e+02
852           	5.643800e+02
853           	5.643807e+02
854           	5.643815e+02
855           	5.643822e+02
856           	5.643829e+02
857           	5.643836e+02
858           	5.643844e+02
859           	5.643851e+02
860           	5.643858e+02
861           	5.643864e+02
862           	5.643871e+02
863           	5.643878e+02
864           	5.643885e+02
865           	5.643891e+02
866           	5.643898e+02
867           	5.643904e+02
868           	5.643911e+02
869           	5.643917e+02
870           	5.643923e+02
871           	5.643930e+02
872           	5.643936e+02
873           	5.643942e+02
874           	5.643948e+02
875           	5.643954e+02
876           	5.643960e+02
877           	5.643966e+02
878           	5.643972e+02
879           	5.643977e+02
880           	5.643983e+02
881           	5.643989e+02
882           	5.643995e+02
883           	5.644000e+02
884           	5.644006e+02
885           	5.644011e+02
886           	5.644016e+02
887           	5.644022e+02
888           	5.644027e+02
889           	5.644032e+02
890           	5.644037e+02
891           	5.644043e+02
892           	5.644048e+02
893           	5.644053e+02
894           	5.644058e+02
895           	5.644063e+02
896           	5.644068e+02
897           	5.644072e+02
898           	5.644077e+02
899           	5.644082e+02
900           	5.644087e+02
901           	5.644091e+02
902           	5.644096e+02
903           	5.644101e+02
904           	5.644105e+02
905           	5.644110e+02
906           	5.644114e+02
907           	5.644118e+02
908           	5.644123e+02
909           	5.644127e+02
910           	5.644131e+02
911           	5.644136e+02
912           	5.644140e+02
913           	5.644144e+02
914           	5.644148e+02
915           	5.644152e+02
916           	5.644156e+02
917           	5.644160e+02
918           	5.644164e+02
919           	5.644168e+02
920           	5.644172e+02
921           	5.644176e+02
922           	5.644180e+02
923           	5.644183e+02
924           	5.644187e+02
925           	5.644191e+02
926           	5.644194e+02
927           	5.644198e+02
928           	5.644202e+02
929           	5.644205e+02
930           	5.644209e+02
931           	5.644212e+02
932           	5.644216e+02
933           	5.644219e+02
934           	5.644223e+02
935           	5.644226e+02
936           	5.644229e+02
937           	5.644232e+02
938           	5.644236e+02
939           	5.644239e+02
940           	5.644242e+02
941           	5.644245e+02
942           	5.644248e+02
943           	5.644252e+02
944           	5.644255e+02
945           	5.644258e+02
946           	5.644261e+02
947           	5.644264e+02
948           	5.644267e+02
949           	5.644270e+02
950           	5.644272e+02
951           	5.644275e+02
952           	5.644278e+02
953           	5.644281e+02
954           	5.644284e+02
955           	5.644287e+02
956           	5.644289e+02
957           	5.644292e+02
958           	5.644295e+02
959           	5.644297e+02
960           	5.644300e+02
961           	5.644303e+02
962           	5.644305e+02
963           	5.644308e+02
964           	5.644310e+02
965           	5.644313e+02
966           	5.644315e+02
967           	5.644318e+02
968           	5.644320e+02
969           	5.644323e+02
970           	5.644325e+02
971           	5.644327e+02
972           	5.644330e+02
973           	5.644332e+02
974           	5.644334e+02
975           	5.644337e+02
976           	5.644339e+02
977           	5.644341e+02
978           	5.644343e+02
979           	5.644345e+02
980           	5.644348e+02
981           	5.644350e+02
982           	5.644352e+02
983           	5.644354e+02
984           	5.644356e+02
985           	5.644358e+02
986           	5.644360e+02
987           	5.644362e+02
988           	5.644364e+02
989           	5.644366e+02
990           	5.644368e+02
991           	5.644370e+02
992           	5.644372e+02
993           	5.644374e+02
994           	5.644376e+02
995           	5.644378e+02
996           	5.644380e+02
997           	5.644381e+02
998           	5.644383e+02
999           	5.644385e+02
1000          	5.644387e+02
1001          	5.644389e+02
1002          	5.644390e+02
1003          	5.644392e+02
1004          	5.644394e+02
1005          	5.644395e+02
1006          	5.644397e+02
1007          	5.644399e+02
1008          	5.644400e+02
1009          	5.644402e+02
1010          	5.644404e+02
1011          	5.644405e+02
1012          	5.644407e+02
1013          	5.644408e+02
1014          	5.644410e+02
1015          	5.644412e+02
1016          	5.644413e+02
1017          	5.644415e+02
1018          	5.644416e+02
1019          	5.644418e+02
1020          	5.644419e+02
1021          	5.644420e+02
1022          	5.644422e+02
1023          	5.644423e+02
1024          	5.644425e+02
1025          	5.644426e+02
1026          	5.644428e+02
1027          	5.644429e+02
1028          	5.644430e+02
1029          	5.644432e+02
1030          	5.644433e+02
1031          	5.644434e+02
1032          	5.644436e+02
1033          	5.644437e+02
1034          	5.644438e+02
1035          	5.644439e+02
1036          	5.644441e+02
1037          	5.644442e+02
1038          	5.644443e+02
1039          	5.644444e+02
1040          	5.644446e+02
1041          	5.644447e+02
1042          	5.644448e+02
1043          	5.644449e+02
1044          	5.644450e+02
1045          	5.644451e+02
1046          	5.644453e+02
1047          	5.644454e+02
1048          	5.644455e+02
1049          	5.644456e+02
1050          	5.644457e+02
1051          	5.644458e+02
1052          	5.644459e+02
1053          	5.644460e+02
1054          	5.644461e+02
1055          	5.644462e+02
1056          	5.644463e+02
1057          	5.644464e+02
1058          	5.644465e+02
1059          	5.644466e+02
1060          	5.644467e+02
1061          	5.644468e+02
1062          	5.644469e+02
1063          	5.644470e+02
1064          	5.644471e+02
1065          	5.644472e+02
1066          	5.644473e+02
1067          	5.644474e+02
1068          	5.644475e+02
1069          	5.644476e+02
1070          	5.644477e+02
1071          	5.644478e+02
1072          	5.644479e+02
1073          	5.644480e+02
1074          	5.644480e+02
1075          	5.644481e+02
1076          	5.644482e+02
1077          	5.644483e+02
1078          	5.644484e+02
1079          	5.644485e+02
1080          	5.644486e+02
1081          	5.644486e+02
1082          	5.644487e+02
1083          	5.644488e+02
1084          	5.644489e+02
1085          	5.644490e+02
1086          	5.644490e+02
1087          	5.644491e+02
1088          	5.644492e+02
1089          	5.644493e+02
1090          	5.644493e+02
1091          	5.644494e+02
1092          	5.644495e+02
1093          	5.644495e+02
1094          	5.644496e+02
1095          	5.644497e+02
1096          	5.644498e+02
1097          	5.644498e+02
1098          	5.644499e+02
1099          	5.644500e+02
1100          	5.644500e+02
1101          	5.644501e+02
1102          	5.644502e+02
1103          	5.644502e+02
1104          	5.644503e+02
1105          	5.644504e+02
1106          	5.644504e+02
1107          	5.644505e+02
1108          	5.644506e+02
1109          	5.644506e+02
1110          	5.644507e+02
1111          	5.644507e+02
1112          	5.644508e+02
1113          	5.644509e+02
1114          	5.644509e+02
1115          	5.644510e+02
1116          	5.644510e+02
1117          	5.644511e+02
1118          	5.644511e+02
1119          	5.644512e+02
1120          	5.644513e+02
1121          	5.644513e+02
1122          	5.644514e+02
1123          	5.644514e+02
1124          	5.644515e+02
1125          	5.644515e+02
1126          	5.644516e+02
1127          	5.644516e+02
1128          	5.644517e+02
1129          	5.644517e+02
1130          	5.644518e+02
1131          	5.644518e+02
1132          	5.644519e+02
1133          	5.644519e+02
1134          	5.644520e+02
1135          	5.644520e+02
1136          	5.644521e+02
1137          	5.644521e+02
1138          	5.644521e+02
1139          	5.644521e+02
1140          	5.644521e+02
1141          	5.644521e+02
1142          	5.644521e+02
1143          	5.644521e+02
1144          	5.644521e+02
1145          	5.644521e+02
1146          	5.644521e+02
1147          	5.644521e+02
1148          	5.644521e+02
1149          	5.644521e+02
1150          	5.644521e+02
1151          	5.644521e+02
1152          	5.644521e+02
1153          	5.644521e+02
1154          	5.644521e+02
1155          	5.644521e+02
1156          	5.644521e+02
1157          	5.644521e+02
1158          	5.644521e+02
1159          	5.644521e+02
1160          	5.644521e+02
1161          	5.644521e+02
1162          	5.644521e+02
1163          	5.644521e+02
1164          	5.644521e+02
1165          	5.644521e+02
1166          	5.644521e+02
1167          	5.644521e+02
1168          	5.644521e+02
1169          	5.644521e+02
1170          	5.644521e+02
1171          	5.644521e+02
1172          	5.644521e+02
1173          	5.644521e+02
1174          	5.644521e+02
1175          	5.644521e+02
1176          	5.644521e+02
1177          	5.644521e+02
1178          	5.644521e+02
1179          	5.644521e+02
1180          	5.644521e+02
1181          	5.644521e+02
1182          	5.644521e+02
1183          	5.644521e+02
1184          	5.644521e+02
1185          	5.644521e+02
1186          	5.644521e+02
1187          	5.644521e+02
1188          	5.644521e+02
1189          	5.644521e+02
1190          	5.644521e+02
1191          	5.644521e+02
1192          	5.644521e+02
1193          	5.644521e+02
1194          	5.644521e+02
1195          	5.644521e+02
1196          	5.644521e+02
1197          	5.644521e+02
1198          	5.644521e+02
1199          	5.644521e+02
1200          	5.644521e+02
1201          	5.644521e+02
1202          	5.644521e+02
1203          	5.644521e+02
1204          	5.644521e+02
1205          	5.644521e+02
1206          	5.644521e+02
1207          	5.644521e+02
1208          	5.644521e+02
1209          	5.644521e+02
1210          	5.644521e+02
1211          	5.644521e+02
1212          	5.644521e+02
1213          	5.644521e+02
1214          	5.644521e+02
1215          	5.644521e+02
1216          	5.644521e+02
1217          	5.644521e+02
1218          	5.644521e+02
1219          	5.644521e+02
1220          	5.644521e+02
1221          	5.644521e+02
1222          	5.644521e+02
1223          	5.644521e+02
1224          	5.644521e+02
1225          	5.644521e+02
1226          	5.644521e+02
1227          	5.644521e+02
1228          	5.644521e+02
1229          	5.644521e+02
1230          	5.644521e+02
1231          	5.644521e+02
1232          	5.644521e+02
1233          	5.644521e+02
1234          	5.644521e+02
1235          	5.644521e+02
1236          	5.644521e+02
1237          	5.644521e+02
1238          	5.644521e+02
1239          	5.644521e+02
1240          	5.644521e+02
1241          	5.644521e+02
1242          	5.644521e+02
1243          	5.644521e+02
1244          	5.644521e+02
1245          	5.644521e+02
1246          	5.644521e+02
1247          	5.644521e+02
1248          	5.644521e+02
1249          	5.644521e+02
1250          	5.644521e+02
1251          	5.644521e+02
1252          	5.644521e+02
1253          	5.644521e+02
1254          	5.644521e+02
1255          	5.644521e+02
1256          	5.644521e+02
1257          	5.644521e+02
1258          	5.644521e+02
1259          	5.644521e+02
1260          	5.644521e+02
1261          	5.644521e+02
1262          	5.644521e+02
1263          	5.644521e+02
1264          	5.644521e+02
1265          	5.644521e+02
1266          	5.644521e+02
1267          	5.644521e+02
1268          	5.644521e+02
1269          	5.644521e+02
1270          	5.644521e+02
1271          	5.644521e+02
1272          	5.644521e+02
1273          	5.644521e+02
1274          	5.644521e+02
1275          	5.644521e+02
1276          	5.644521e+02
1277          	5.644521e+02
1278          	5.644521e+02
1279          	5.644521e+02
1280          	5.644521e+02
1281          	5.644521e+02
1282          	5.644521e+02
1283          	5.644521e+02
1284          	5.644521e+02
1285          	5.644521e+02
1286          	5.644521e+02
1287          	5.644521e+02
1288          	5.644521e+02
1289          	5.644521e+02
1290          	5.644521e+02
1291          	5.644521e+02
1292          	5.644521e+02
1293          	5.644521e+02
1294          	5.644521e+02
1295          	5.644521e+02
1296          	5.644521e+02
1297          	5.644521e+02
1298          	5.644521e+02
1299          	5.644521e+02
1300          	5.644521e+02
1301          	5.644521e+02
1302          	5.644521e+02
1303          	5.644521e+02
1304          	5.644521e+02
1305          	5.644521e+02
1306          	5.644521e+02
1307          	5.644521e+02
1308          	5.644521e+02
1309          	5.644521e+02
1310          	5.644521e+02
1311          	5.644521e+02
1312          	5.644521e+02
1313          	5.644521e+02
1314          	5.644521e+02
1315          	5.644521e+02
1316          	5.644521e+02
1317          	5.644521e+02
1318          	5.644521e+02
1319          	5.644521e+02
1320          	5.644521e+02
1321          	5.644521e+02
1322          	5.644521e+02
1323          	5.644521e+02
1324          	5.644521e+02
1325          	5.644521e+02
1326          	5.644521e+02
1327          	5.644521e+02
1328          	5.644521e+02
1329          	5.644521e+02
1330          	5.644521e+02
1331          	5.644521e+02
1332          	5.644521e+02
1333          	5.644521e+02
1334          	5.644521e+02
1335          	5.644521e+02
1336          	5.644521e+02
1337          	5.644521e+02
1338          	5.644521e+02
1339          	5.644521e+02
1340          	5.644521e+02
1341          	5.644521e+02
1342          	5.644521e+02
1343          	5.644521e+02
1344          	5.644521e+02
1345          	5.644521e+02
1346          	5.644521e+02
1347          	5.644521e+02
1348          	5.644521e+02
1349          	5.644521e+02
1350          	5.644521e+02
1351          	5.644521e+02
1352          	5.644521e+02
1353          	5.644521e+02
1354          	5.644521e+02
1355          	5.644521e+02
1356          	5.644521e+02
1357          	5.644521e+02
1358          	5.644521e+02
1359          	5.644521e+02
1360          	5.644521e+02
1361          	5.644521e+02
1362          	5.644521e+02
1363          	5.644521e+02
1364          	5.644521e+02
1365          	5.644521e+02
1366          	5.644521e+02
1367          	5.644521e+02
1368          	5.644521e+02
1369          	5.644521e+02
1370          	5.644521e+02
1371          	5.644521e+02
1372          	5.644521e+02
1373          	5.644521e+02
1374          	5.644521e+02
1375          	5.644521e+02
1376          	5.644521e+02
1377          	5.644521e+02
1378          	5.644521e+02
1379          	5.644521e+02
1380          	5.644521e+02
1381          	5.644521e+02
1382          	5.644521e+02
1383          	5.644521e+02
1384          	5.644521e+02
1385          	5.644521e+02
1386          	5.644521e+02
1387          	5.644521e+02
1388          	5.644521e+02
1389          	5.644521e+02
1390          	5.644521e+02
1391          	5.644521e+02
1392          	5.644521e+02
1393          	5.644521e+02
1394          	5.644521e+02
1395          	5.644521e+02
1396          	5.644521e+02
1397          	5.644521e+02
1398          	5.644521e+02
1399          	5.644521e+02
1400          	5.644521e+02
1401          	5.644521e+02
1402          	5.644521e+02
1403          	5.644521e+02
1404          	5.644521e+02
1405          	5.644521e+02
1406          	5.644521e+02
1407          	5.644521e+02
1408          	5.644521e+02
1409          	5.644521e+02
1410          	5.644521e+02
1411          	5.644521e+02
1412          	5.644521e+02
1413          	5.644521e+02
1414          	5.644521e+02
1415          	5.644521e+02
1416          	5.644521e+02
1417          	5.644521e+02
1418          	5.644521e+02
1419          	5.644521e+02
1420          	5.644521e+02
1421          	5.644521e+02
1422          	5.644521e+02
1423          	5.644521e+02
1424          	5.644521e+02
1425          	5.644521e+02
1426          	5.644521e+02
1427          	5.644521e+02
1428          	5.644521e+02
1429          	5.644521e+02
1430          	5.644521e+02
1431          	5.644521e+02
1432          	5.644521e+02
1433          	5.644521e+02
1434          	5.644521e+02
1435          	5.644521e+02
1436          	5.644521e+02
1437          	5.644521e+02
1438          	5.644521e+02
1439          	5.644521e+02
1440          	5.644521e+02
1441          	5.644521e+02
1442          	5.644521e+02
1443          	5.644521e+02
1444          	5.644521e+02
1445          	5.644521e+02
1446          	5.644521e+02
1447          	5.644521e+02
1448          	5.644521e+02
1449          	5.644521e+02
1450          	5.644521e+02
1451          	5.644521e+02
1452          	5.644521e+02
1453          	5.644521e+02
1454          	5.644521e+02
1455          	5.644521e+02
1456          	5.644521e+02
1457          	5.644521e+02
1458          	5.644521e+02
1459          	5.644521e+02
1460          	5.644521e+02
1461          	5.644521e+02
1462          	5.644521e+02
1463          	5.644521e+02
1464          	5.644521e+02
1465          	5.644521e+02
1466          	5.644521e+02
1467          	5.644521e+02
1468          	5.644521e+02
1469          	5.644521e+02
1470          	5.644521e+02
1471          	5.644521e+02
1472          	5.644521e+02
1473          	5.644521e+02
1474          	5.644521e+02
1475          	5.644521e+02
1476          	5.644521e+02
1477          	5.644521e+02
1478          	5.644521e+02
1479          	5.644521e+02
1480          	5.644521e+02
1481          	5.644521e+02
1482          	5.644521e+02
1483          	5.644521e+02
1484          	5.644521e+02
1485          	5.644521e+02
1486          	5.644521e+02
1487          	5.644521e+02
1488          	5.644521e+02
1489          	5.644521e+02
1490          	5.644521e+02
1491          	5.644521e+02
1492          	5.644521e+02
1493          	5.644521e+02
1494          	5.644521e+02
1495          	5.644521e+02
1496          	5.644521e+02
1497          	5.644521e+02
1498          	5.644521e+02
1499          	5.644521e+02
1500          	5.644521e+02
1501          	5.644521e+02
1502          	5.644521e+02
1503          	5.644521e+02
1504          	5.644521e+02
1505          	5.644521e+02
1506          	5.644521e+02
1507          	5.644521e+02
1508          	5.644521e+02
1509          	5.644521e+02
1510          	5.644521e+02
1511          	5.644521e+02
1512          	5.644521e+02
1513          	5.644521e+02
1514          	5.644521e+02
1515          	5.644521e+02
1516          	5.644521e+02
1517          	5.644521e+02
1518          	5.644521e+02
1519          	5.644521e+02
1520          	5.644521e+02
1521          	5.644521e+02
1522          	5.644521e+02
1523          	5.644521e+02
1524          	5.644521e+02
1525          	5.644521e+02
1526          	5.644521e+02
1527          	5.644521e+02
1528          	5.644521e+02
1529          	5.644521e+02
1530          	5.644521e+02
1531          	5.644521e+02
1532          	5.644521e+02
1533          	5.644521e+02
1534          	5.644521e+02
1535          	5.644521e+02
1536          	5.644521e+02
1537          	5.644521e+02
1538          	5.644521e+02
1539          	5.644521e+02
1540          	5.644521e+02
1541          	5.644521e+02
1542          	5.644521e+02
1543          	5.644521e+02
1544          	5.644521e+02
1545          	5.644521e+02
1546          	5.644521e+02
1547          	5.644521e+02
1548          	5.644521e+02
1549          	5.644521e+02
1550          	5.644521e+02
1551          	5.644521e+02
1552          	5.644521e+02
1553          	5.644521e+02
1554          	5.644521e+02
1555          	5.644521e+02
1556          	5.644521e+02
1557          	5.644521e+02
1558          	5.644521e+02
1559          	5.644521e+02
1560          	5.644521e+02
1561          	5.644521e+02
1562          	5.644521e+02
1563          	5.644521e+02
1564          	5.644521e+02
1565          	5.644521e+02
1566          	5.644521e+02
1567          	5.644521e+02
1568          	5.644521e+02
1569          	5.644521e+02
1570          	5.644521e+02
1571          	5.644521e+02
1572          	5.644521e+02
1573          	5.644521e+02
1574          	5.644521e+02
1575          	5.644521e+02
1576          	5.644521e+02
1577          	5.644521e+02
1578          	5.644521e+02
1579          	5.644521e+02
1580          	5.644521e+02
1581          	5.644521e+02
1582          	5.644521e+02
1583          	5.644521e+02
1584          	5.644521e+02
1585          	5.644521e+02
1586          	5.644521e+02
1587          	5.644521e+02
1588          	5.644521e+02
1589          	5.644521e+02
1590          	5.644521e+02
1591          	5.644521e+02
1592          	5.644521e+02
1593          	5.644521e+02
1594          	5.644521e+02
1595          	5.644521e+02
1596          	5.644521e+02
1597          	5.644521e+02
1598          	5.644521e+02
1599          	5.644521e+02
1600          	5.644521e+02
1601          	5.644521e+02
1602          	5.644521e+02
1603          	5.644521e+02
1604          	5.644521e+02
1605          	5.644521e+02
1606          	5.644521e+02
1607          	5.644521e+02
1608          	5.644521e+02
1609          	5.644521e+02
1610          	5.644521e+02
1611          	5.644521e+02
1612          	5.644521e+02
1613          	5.644521e+02
1614          	5.644521e+02
1615          	5.644521e+02
1616          	5.644521e+02
1617          	5.644521e+02
1618          	5.644521e+02
1619          	5.644521e+02
1620          	5.644521e+02
1621          	5.644521e+02
1622          	5.644521e+02
1623          	5.644521e+02
1624          	5.644521e+02
1625          	5.644521e+02
1626          	5.644521e+02
1627          	5.644521e+02
1628          	5.644521e+02
1629          	5.644521e+02
1630          	5.644521e+02
1631          	5.644521e+02
1632          	5.644521e+02
1633          	5.644521e+02
1634          	5.644521e+02
1635          	5.644521e+02
1636          	5.644521e+02
1637          	5.644521e+02
1638          	5.644521e+02
1639          	5.644521e+02
1640          	5.644521e+02
1641          	5.644521e+02
1642          	5.644521e+02
1643          	5.644521e+02
1644          	5.644521e+02
1645          	5.644521e+02
1646          	5.644521e+02
1647          	5.644521e+02
1648          	5.644521e+02
1649          	5.644521e+02
1650          	5.644521e+02
1651          	5.644521e+02
1652          	5.644521e+02
1653          	5.644521e+02
1654          	5.644521e+02
1655          	5.644521e+02
1656          	5.644521e+02
1657          	5.644521e+02
1658          	5.644521e+02
1659          	5.644521e+02
1660          	5.644521e+02
1661          	5.644521e+02
1662          	5.644521e+02
1663          	5.644521e+02
1664          	5.644521e+02
1665          	5.644521e+02
1666          	5.644521e+02
1667          	5.644521e+02
1668          	5.644521e+02
1669          	5.644521e+02
1670          	5.644521e+02
1671          	5.644521e+02
1672          	5.644521e+02
1673          	5.644521e+02
1674          	5.644521e+02
1675          	5.644521e+02
1676          	5.644521e+02
1677          	5.644521e+02
1678          	5.644521e+02
1679          	5.644521e+02
1680          	5.644521e+02
1681          	5.644521e+02
1682          	5.644521e+02
1683          	5.644521e+02
1684          	5.644521e+02
1685          	5.644521e+02
1686          	5.644521e+02
1687          	5.644521e+02
1688          	5.644521e+02
1689          	5.644521e+02
1690          	5.644521e+02
1691          	5.644521e+02
1692          	5.644521e+02
1693          	5.644521e+02
1694          	5.644521e+02
1695          	5.644521e+02
1696          	5.644521e+02
1697          	5.644521e+02
1698          	5.644521e+02
1699          	5.644521e+02
1700          	5.644521e+02
1701          	5.644521e+02
1702          	5.644521e+02
1703          	5.644521e+02
1704          	5.644521e+02
1705          	5.644521e+02
1706          	5.644521e+02
1707          	5.644521e+02
1708          	5.644521e+02
1709          	5.644521e+02
1710          	5.644521e+02
1711          	5.644521e+02
1712          	5.644521e+02
1713          	5.644521e+02
1714          	5.644521e+02
1715          	5.644521e+02
1716          	5.644521e+02
1717          	5.644521e+02
1718          	5.644521e+02
1719          	5.644521e+02
1720          	5.644521e+02
1721          	5.644521e+02
1722          	5.644521e+02
1723          	5.644521e+02
1724          	5.644521e+02
1725          	5.644521e+02
1726          	5.644521e+02
1727          	5.644521e+02
1728          	5.644521e+02
1729          	5.644521e+02
1730          	5.644521e+02
1731          	5.644521e+02
1732          	5.644521e+02
1733          	5.644521e+02
1734          	5.644521e+02
1735          	5.644521e+02
1736          	5.644521e+02
1737          	5.644521e+02
1738          	5.644521e+02
1739          	5.644521e+02
1740          	5.644521e+02
1741          	5.644521e+02
1742          	5.644521e+02
1743          	5.644521e+02
1744          	5.644521e+02
1745          	5.644521e+02
1746          	5.644521e+02
1747          	5.644521e+02
1748          	5.644521e+02
1749          	5.644521e+02
1750          	5.644521e+02
1751          	5.644521e+02
1752          	5.644521e+02
1753          	5.644521e+02
1754          	5.644521e+02
1755          	5.644521e+02
1756          	5.644521e+02
1757          	5.644521e+02
1758          	5.644521e+02
1759          	5.644521e+02
1760          	5.644521e+02
1761          	5.644521e+02
1762          	5.644521e+02
1763          	5.644521e+02
1764          	5.644521e+02
1765          	5.644521e+02
1766          	5.644521e+02
1767          	5.644521e+02
1768          	5.644521e+02
1769          	5.644521e+02
1770          	5.644521e+02
1771          	5.644521e+02
1772          	5.644521e+02
1773          	5.644521e+02
1774          	5.644521e+02
1775          	5.644521e+02
1776          	5.644521e+02
1777          	5.644521e+02
1778          	5.644521e+02
1779          	5.644521e+02
1780          	5.644521e+02
1781          	5.644521e+02
1782          	5.644521e+02
1783          	5.644521e+02
1784          	5.644521e+02
1785          	5.644521e+02
1786          	5.644521e+02
1787          	5.644521e+02
1788          	5.644521e+02
1789          	5.644521e+02
1790          	5.644521e+02
1791          	5.644521e+02
1792          	5.644521e+02
1793          	5.644521e+02
1794          	5.644521e+02
1795          	5.644521e+02
1796          	5.644521e+02
1797          	5.644521e+02
1798          	5.644521e+02
1799          	5.644521e+02
1800          	5.644521e+02
1801          	5.644521e+02
1802          	5.644521e+02
1803          	5.644521e+02
1804          	5.644521e+02
1805          	5.644521e+02
1806          	5.644521e+02
1807          	5.644521e+02
1808          	5.644521e+02
1809          	5.644521e+02
1810          	5.644521e+02
1811          	5.644521e+02
1812          	5.644521e+02
1813          	5.644521e+02
1814          	5.644521e+02
1815          	5.644521e+02
1816          	5.644521e+02
1817          	5.644521e+02
1818          	5.644521e+02
1819          	5.644521e+02
1820          	5.644521e+02
1821          	5.644521e+02
1822          	5.644521e+02
1823          	5.644521e+02
1824          	5.644521e+02
1825          	5.644521e+02
1826          	5.644521e+02
1827          	5.644521e+02
1828          	5.644521e+02
1829          	5.644521e+02
1830          	5.644521e+02
1831          	5.644521e+02
1832          	5.644521e+02
1833          	5.644521e+02
1834          	5.644521e+02
1835          	5.644521e+02
1836          	5.644521e+02
1837          	5.644521e+02
1838          	5.644521e+02
1839          	5.644521e+02
1840          	5.644521e+02
1841          	5.644521e+02
1842          	5.644521e+02
1843          	5.644521e+02
1844          	5.644521e+02
1845          	5.644521e+02
1846          	5.644521e+02
1847          	5.644521e+02
1848          	5.644521e+02
1849          	5.644521e+02
1850          	5.644521e+02
1851          	5.644521e+02
1852          	5.644521e+02
1853          	5.644521e+02
1854          	5.644521e+02
1855          	5.644521e+02
1856          	5.644521e+02
1857          	5.644521e+02
1858          	5.644521e+02
1859          	5.644521e+02
1860          	5.644521e+02
1861          	5.644521e+02
1862          	5.644521e+02
1863          	5.644521e+02
1864          	5.644521e+02
1865          	5.644521e+02
1866          	5.644521e+02
1867          	5.644521e+02
1868          	5.644521e+02
1869          	5.644521e+02
1870          	5.644521e+02
1871          	5.644521e+02
1872          	5.644521e+02
1873          	5.644521e+02
1874          	5.644521e+02
1875          	5.644521e+02
1876          	5.644521e+02
1877          	5.644521e+02
1878          	5.644521e+02
1879          	5.644521e+02
1880          	5.644521e+02
1881          	5.644521e+02
1882          	5.644521e+02
1883          	5.644521e+02
1884          	5.644521e+02
1885          	5.644521e+02
1886          	5.644521e+02
1887          	5.644521e+02
1888          	5.644521e+02
1889          	5.644521e+02
1890          	5.644521e+02
1891          	5.644521e+02
1892          	5.644521e+02
1893          	5.644521e+02
1894          	5.644521e+02
1895          	5.644521e+02
1896          	5.644521e+02
1897          	5.644521e+02
1898          	5.644521e+02
1899          	5.644521e+02
1900          	5.644521e+02
1901          	5.644521e+02
1902          	5.644521e+02
1903          	5.644521e+02
1904          	5.644521e+02
1905          	5.644521e+02
1906          	5.644521e+02
1907          	5.644521e+02
1908          	5.644521e+02
1909          	5.644521e+02
1910          	5.644521e+02
1911          	5.644521e+02
1912          	5.644521e+02
1913          	5.644521e+02
1914          	5.644521e+02
1915          	5.644521e+02
1916          	5.644521e+02
1917          	5.644521e+02
1918          	5.644521e+02
1919          	5.644521e+02
1920          	5.644521e+02
1921          	5.644521e+02
1922          	5.644521e+02
1923          	5.644521e+02
1924          	5.644521e+02
1925          	5.644521e+02
1926          	5.644521e+02
1927          	5.644521e+02
1928          	5.644521e+02
1929          	5.644521e+02
1930          	5.644521e+02
1931          	5.644521e+02
1932          	5.644521e+02
1933          	5.644521e+02
1934          	5.644521e+02
1935          	5.644521e+02
1936          	5.644521e+02
1937          	5.644521e+02
1938          	5.644521e+02
1939          	5.644521e+02
1940          	5.644521e+02
1941          	5.644521e+02
1942          	5.644521e+02
1943          	5.644521e+02
1944          	5.644521e+02
1945          	5.644521e+02
1946          	5.644521e+02
1947          	5.644521e+02
1948          	5.644521e+02
1949          	5.644521e+02
1950          	5.644521e+02
1951          	5.644521e+02
1952          	5.644521e+02
1953          	5.644521e+02
1954          	5.644521e+02
1955          	5.644521e+02
1956          	5.644521e+02
1957          	5.644521e+02
1958          	5.644521e+02
1959          	5.644521e+02
1960          	5.644521e+02
1961          	5.644521e+02
1962          	5.644521e+02
1963          	5.644521e+02
1964          	5.644521e+02
1965          	5.644521e+02
1966          	5.644521e+02
1967          	5.644521e+02
1968          	5.644521e+02
1969          	5.644521e+02
1970          	5.644521e+02
1971          	5.644521e+02
1972          	5.644521e+02
1973          	5.644521e+02
1974          	5.644521e+02
1975          	5.644521e+02
1976          	5.644521e+02
1977          	5.644521e+02
1978          	5.644521e+02
1979          	5.644521e+02
1980          	5.644521e+02
1981          	5.644521e+02
1982          	5.644521e+02
1983          	5.644521e+02
1984          	5.644521e+02
1985          	5.644521e+02
1986          	5.644521e+02
1987          	5.644521e+02
1988          	5.644521e+02
1989          	5.644521e+02
1990          	5.644521e+02
1991          	5.644521e+02
1992          	5.644521e+02
1993          	5.644521e+02
1994          	5.644521e+02
1995          	5.644521e+02
1996          	5.644521e+02
1997          	5.644521e+02
1998          	5.644521e+02
1999          	5.644521e+02
2000          	5.644521e+02
