# Region      : all 
# Cells       : 667
# Volume      : 1.000000e-06
# Time        	volAverage(T)
0             	2.969000e+02
1             	3.087143e+02
2             	3.110827e+02
3             	3.135561e+02
4             	3.159181e+02
5             	3.182192e+02
6             	3.204751e+02
7             	3.226965e+02
8             	3.248895e+02
9             	3.270579e+02
10            	3.292043e+02
11            	3.313303e+02
12            	3.334370e+02
13            	3.355256e+02
14            	3.375968e+02
15            	3.396508e+02
16            	3.416884e+02
17            	3.437097e+02
18            	3.457151e+02
19            	3.477047e+02
20            	3.496790e+02
21            	3.516382e+02
22            	3.535827e+02
23            	3.555127e+02
24            	3.574282e+02
25            	3.593296e+02
26            	3.612169e+02
27            	3.630904e+02
28            	3.649502e+02
29            	3.667962e+02
30            	3.686280e+02
31            	3.704449e+02
32            	3.722467e+02
33            	3.740329e+02
34            	3.758032e+02
35            	3.775572e+02
36            	3.792950e+02
37            	3.810163e+02
38            	3.827211e+02
39            	3.844094e+02
40            	3.860812e+02
41            	3.877364e+02
42            	3.893750e+02
43            	3.909967e+02
44            	3.926018e+02
45            	3.941902e+02
46            	3.957621e+02
47            	3.973178e+02
48            	3.988573e+02
49            	4.003810e+02
50            	4.018889e+02
51            	4.033811e+02
52            	4.048578e+02
53            	4.063191e+02
54            	4.077653e+02
55            	4.091964e+02
56            	4.106127e+02
57            	4.120144e+02
58            	4.134014e+02
59            	4.147741e+02
60            	4.161326e+02
61            	4.174770e+02
62            	4.188075e+02
63            	4.201243e+02
64            	4.214274e+02
65            	4.227171e+02
66            	4.239935e+02
67            	4.252567e+02
68            	4.265069e+02
69            	4.277443e+02
70            	4.289688e+02
71            	4.301807e+02
72            	4.313801e+02
73            	4.325671e+02
74            	4.337418e+02
75            	4.349044e+02
76            	4.360549e+02
77            	4.371934e+02
78            	4.383201e+02
79            	4.394351e+02
80            	4.405384e+02
81            	4.416301e+02
82            	4.427105e+02
83            	4.437794e+02
84            	4.448371e+02
85            	4.458835e+02
86            	4.469189e+02
87            	4.479432e+02
88            	4.489565e+02
89            	4.499591e+02
90            	4.509510e+02
91            	4.519323e+02
92            	4.529032e+02
93            	4.538636e+02
94            	4.548138e+02
95            	4.557539e+02
96            	4.566839e+02
97            	4.576038e+02
98            	4.585140e+02
99            	4.594143e+02
100           	4.603050e+02
101           	4.611861e+02
102           	4.620577e+02
103           	4.629200e+02
104           	4.637731e+02
105           	4.646169e+02
106           	4.654517e+02
107           	4.662774e+02
108           	4.670941e+02
109           	4.679020e+02
110           	4.687010e+02
111           	4.694913e+02
112           	4.702730e+02
113           	4.710461e+02
114           	4.718107e+02
115           	4.725669e+02
116           	4.733147e+02
117           	4.740541e+02
118           	4.747854e+02
119           	4.755086e+02
120           	4.762237e+02
121           	4.769309e+02
122           	4.776302e+02
123           	4.783217e+02
124           	4.790055e+02
125           	4.796817e+02
126           	4.803504e+02
127           	4.810116e+02
128           	4.816654e+02
129           	4.823119e+02
130           	4.829512e+02
131           	4.835833e+02
132           	4.842083e+02
133           	4.848263e+02
134           	4.854374e+02
135           	4.860417e+02
136           	4.866393e+02
137           	4.872301e+02
138           	4.878143e+02
139           	4.883918e+02
140           	4.889629e+02
141           	4.895274e+02
142           	4.900856e+02
143           	4.906374e+02
144           	4.911830e+02
145           	4.917224e+02
146           	4.922557e+02
147           	4.927829e+02
148           	4.933041e+02
149           	4.938194e+02
150           	4.943288e+02
151           	4.948324e+02
152           	4.953302e+02
153           	4.958223e+02
154           	4.963088e+02
155           	4.967897e+02
156           	4.972651e+02
157           	4.977350e+02
158           	4.981994e+02
159           	4.986585e+02
160           	4.991122e+02
161           	4.995607e+02
162           	5.000039e+02
163           	5.004420e+02
164           	5.008750e+02
165           	5.013031e+02
166           	5.017261e+02
167           	5.021443e+02
168           	5.025576e+02
169           	5.029661e+02
170           	5.033699e+02
171           	5.037689e+02
172           	5.041633e+02
173           	5.045529e+02
174           	5.049380e+02
175           	5.053184e+02
176           	5.056943e+02
177           	5.060657e+02
178           	5.064326e+02
179           	5.067952e+02
180           	5.071534e+02
181           	5.075073e+02
182           	5.078570e+02
183           	5.082025e+02
184           	5.085438e+02
185           	5.088811e+02
186           	5.092143e+02
187           	5.095436e+02
188           	5.098690e+02
189           	5.101906e+02
190           	5.105083e+02
191           	5.108223e+02
192           	5.111326e+02
193           	5.114392e+02
194           	5.117423e+02
195           	5.120418e+02
196           	5.123379e+02
197           	5.126305e+02
198           	5.129197e+02
199           	5.132056e+02
200           	5.134881e+02
201           	5.137674e+02
202           	5.140434e+02
203           	5.143163e+02
204           	5.145859e+02
205           	5.148525e+02
206           	5.151159e+02
207           	5.153764e+02
208           	5.156338e+02
209           	5.158883e+02
210           	5.161399e+02
211           	5.163885e+02
212           	5.166343e+02
213           	5.168772e+02
214           	5.171173e+02
215           	5.173547e+02
216           	5.175893e+02
217           	5.178212e+02
218           	5.180505e+02
219           	5.182772e+02
220           	5.185013e+02
221           	5.187228e+02
222           	5.189418e+02
223           	5.191583e+02
224           	5.193723e+02
225           	5.195839e+02
226           	5.197930e+02
227           	5.199998e+02
228           	5.202041e+02
229           	5.204062e+02
230           	5.206059e+02
231           	5.208033e+02
232           	5.209984e+02
233           	5.211913e+02
234           	5.213820e+02
235           	5.215705e+02
236           	5.217569e+02
237           	5.219410e+02
238           	5.221231e+02
239           	5.223030e+02
240           	5.224808e+02
241           	5.226565e+02
242           	5.228301e+02
243           	5.230017e+02
244           	5.231713e+02
245           	5.233388e+02
246           	5.235044e+02
247           	5.236680e+02
248           	5.238296e+02
249           	5.239893e+02
250           	5.241471e+02
251           	5.243031e+02
252           	5.244571e+02
253           	5.246093e+02
254           	5.247597e+02
255           	5.249083e+02
256           	5.250552e+02
257           	5.252002e+02
258           	5.253436e+02
259           	5.254852e+02
260           	5.256251e+02
261           	5.257633e+02
262           	5.258999e+02
263           	5.260348e+02
264           	5.261680e+02
265           	5.262997e+02
266           	5.264298e+02
267           	5.265583e+02
268           	5.266853e+02
269           	5.268107e+02
270           	5.269347e+02
271           	5.270571e+02
272           	5.271781e+02
273           	5.272976e+02
274           	5.274157e+02
275           	5.275324e+02
276           	5.276477e+02
277           	5.277616e+02
278           	5.278741e+02
279           	5.279853e+02
280           	5.280952e+02
281           	5.282037e+02
282           	5.283109e+02
283           	5.284168e+02
284           	5.285214e+02
285           	5.286247e+02
286           	5.287267e+02
287           	5.288275e+02
288           	5.289271e+02
289           	5.290254e+02
290           	5.291225e+02
291           	5.292183e+02
292           	5.293130e+02
293           	5.294065e+02
294           	5.294989e+02
295           	5.295901e+02
296           	5.296801e+02
297           	5.297690e+02
298           	5.298567e+02
299           	5.299434e+02
300           	5.300289e+02
301           	5.301134e+02
302           	5.301968e+02
303           	5.302792e+02
304           	5.303605e+02
305           	5.304408e+02
306           	5.305201e+02
307           	5.305984e+02
308           	5.306757e+02
309           	5.307521e+02
310           	5.308275e+02
311           	5.309020e+02
312           	5.309757e+02
313           	5.310485e+02
314           	5.311204e+02
315           	5.311915e+02
316           	5.312617e+02
317           	5.313311e+02
318           	5.313996e+02
319           	5.314674e+02
320           	5.315343e+02
321           	5.316004e+02
322           	5.316658e+02
323           	5.317303e+02
324           	5.317942e+02
325           	5.318573e+02
326           	5.319196e+02
327           	5.319812e+02
328           	5.320422e+02
329           	5.321024e+02
330           	5.321620e+02
331           	5.322208e+02
332           	5.322791e+02
333           	5.323367e+02
334           	5.323936e+02
335           	5.324500e+02
336           	5.325057e+02
337           	5.325608e+02
338           	5.326154e+02
339           	5.326693e+02
340           	5.327227e+02
341           	5.327755e+02
342           	5.328278e+02
343           	5.328794e+02
344           	5.329306e+02
345           	5.329812e+02
346           	5.330312e+02
347           	5.330807e+02
348           	5.331297e+02
349           	5.331781e+02
350           	5.332260e+02
351           	5.332735e+02
352           	5.333204e+02
353           	5.333668e+02
354           	5.334128e+02
355           	5.334583e+02
356           	5.335033e+02
357           	5.335478e+02
358           	5.335919e+02
359           	5.336355e+02
360           	5.336787e+02
361           	5.337215e+02
362           	5.337638e+02
363           	5.338057e+02
364           	5.338471e+02
365           	5.338881e+02
366           	5.339287e+02
367           	5.339689e+02
368           	5.340087e+02
369           	5.340480e+02
370           	5.340870e+02
371           	5.341256e+02
372           	5.341637e+02
373           	5.342015e+02
374           	5.342389e+02
375           	5.342759e+02
376           	5.343125e+02
377           	5.343487e+02
378           	5.343845e+02
379           	5.344199e+02
380           	5.344550e+02
381           	5.344896e+02
382           	5.345239e+02
383           	5.345578e+02
384           	5.345914e+02
385           	5.346246e+02
386           	5.346574e+02
387           	5.346898e+02
388           	5.347219e+02
389           	5.347536e+02
390           	5.347850e+02
391           	5.348160e+02
392           	5.348467e+02
393           	5.348770e+02
394           	5.349069e+02
395           	5.349365e+02
396           	5.349658e+02
397           	5.349947e+02
398           	5.350234e+02
399           	5.350517e+02
400           	5.350797e+02
401           	5.351074e+02
402           	5.351348e+02
403           	5.351619e+02
404           	5.351887e+02
405           	5.352152e+02
406           	5.352414e+02
407           	5.352673e+02
408           	5.352929e+02
409           	5.353183e+02
410           	5.353433e+02
411           	5.353681e+02
412           	5.353926e+02
413           	5.354168e+02
414           	5.354408e+02
415           	5.354644e+02
416           	5.354879e+02
417           	5.355111e+02
418           	5.355340e+02
419           	5.355566e+02
420           	5.355790e+02
421           	5.356012e+02
422           	5.356231e+02
423           	5.356448e+02
424           	5.356663e+02
425           	5.356875e+02
426           	5.357084e+02
427           	5.357292e+02
428           	5.357497e+02
429           	5.357700e+02
430           	5.357900e+02
431           	5.358099e+02
432           	5.358295e+02
433           	5.358489e+02
434           	5.358681e+02
435           	5.358871e+02
436           	5.359059e+02
437           	5.359245e+02
438           	5.359429e+02
439           	5.359610e+02
440           	5.359790e+02
441           	5.359968e+02
442           	5.360144e+02
443           	5.360318e+02
444           	5.360490e+02
445           	5.360660e+02
446           	5.360829e+02
447           	5.360995e+02
448           	5.361160e+02
449           	5.361323e+02
450           	5.361484e+02
451           	5.361644e+02
452           	5.361801e+02
453           	5.361957e+02
454           	5.362112e+02
455           	5.362265e+02
456           	5.362416e+02
457           	5.362565e+02
458           	5.362713e+02
459           	5.362859e+02
460           	5.363004e+02
461           	5.363147e+02
462           	5.363288e+02
463           	5.363428e+02
464           	5.363567e+02
465           	5.363703e+02
466           	5.363839e+02
467           	5.363972e+02
468           	5.364105e+02
469           	5.364235e+02
470           	5.364365e+02
471           	5.364492e+02
472           	5.364619e+02
473           	5.364744e+02
474           	5.364867e+02
475           	5.364989e+02
476           	5.365109e+02
477           	5.365229e+02
478           	5.365347e+02
479           	5.365463e+02
480           	5.365578e+02
481           	5.365692e+02
482           	5.365804e+02
483           	5.365916e+02
484           	5.366026e+02
485           	5.366134e+02
486           	5.366241e+02
487           	5.366348e+02
488           	5.366452e+02
489           	5.366556e+02
490           	5.366658e+02
491           	5.366760e+02
492           	5.366860e+02
493           	5.366959e+02
494           	5.367056e+02
495           	5.367153e+02
496           	5.367248e+02
497           	5.367343e+02
498           	5.367436e+02
499           	5.367528e+02
500           	5.367620e+02
501           	5.367710e+02
502           	5.367799e+02
503           	5.367887e+02
504           	5.367974e+02
505           	5.368060e+02
506           	5.368145e+02
507           	5.368230e+02
508           	5.368313e+02
509           	5.368395e+02
510           	5.368477e+02
511           	5.368557e+02
512           	5.368637e+02
513           	5.368716e+02
514           	5.368794e+02
515           	5.368871e+02
516           	5.368948e+02
517           	5.369023e+02
518           	5.369098e+02
519           	5.369172e+02
520           	5.369245e+02
521           	5.369318e+02
522           	5.369390e+02
523           	5.369461e+02
524           	5.369531e+02
525           	5.369601e+02
526           	5.369670e+02
527           	5.369738e+02
528           	5.369806e+02
529           	5.369873e+02
530           	5.369939e+02
531           	5.370005e+02
532           	5.370070e+02
533           	5.370134e+02
534           	5.370198e+02
535           	5.370261e+02
536           	5.370323e+02
537           	5.370385e+02
538           	5.370446e+02
539           	5.370507e+02
540           	5.370567e+02
541           	5.370626e+02
542           	5.370685e+02
543           	5.370744e+02
544           	5.370802e+02
545           	5.370859e+02
546           	5.370916e+02
547           	5.370972e+02
548           	5.371028e+02
549           	5.371083e+02
550           	5.371138e+02
551           	5.371192e+02
552           	5.371246e+02
553           	5.371299e+02
554           	5.371352e+02
555           	5.371404e+02
556           	5.371456e+02
557           	5.371507e+02
558           	5.371558e+02
559           	5.371609e+02
560           	5.371659e+02
561           	5.371708e+02
562           	5.371757e+02
563           	5.371806e+02
564           	5.371854e+02
565           	5.371902e+02
566           	5.371950e+02
567           	5.371997e+02
568           	5.372043e+02
569           	5.372089e+02
570           	5.372135e+02
571           	5.372181e+02
572           	5.372225e+02
573           	5.372270e+02
574           	5.372314e+02
575           	5.372358e+02
576           	5.372401e+02
577           	5.372444e+02
578           	5.372486e+02
579           	5.372529e+02
580           	5.372570e+02
581           	5.372612e+02
582           	5.372653e+02
583           	5.372693e+02
584           	5.372733e+02
585           	5.372773e+02
586           	5.372812e+02
587           	5.372851e+02
588           	5.372890e+02
589           	5.372928e+02
590           	5.372966e+02
591           	5.373003e+02
592           	5.373040e+02
593           	5.373077e+02
594           	5.373113e+02
595           	5.373149e+02
596           	5.373184e+02
597           	5.373219e+02
598           	5.373254e+02
599           	5.373288e+02
600           	5.373322e+02
601           	5.373356e+02
602           	5.373389e+02
603           	5.373422e+02
604           	5.373454e+02
605           	5.373487e+02
606           	5.373518e+02
607           	5.373550e+02
608           	5.373581e+02
609           	5.373611e+02
610           	5.373642e+02
611           	5.373672e+02
612           	5.373701e+02
613           	5.373731e+02
614           	5.373759e+02
615           	5.373788e+02
616           	5.373816e+02
617           	5.373844e+02
618           	5.373872e+02
619           	5.373899e+02
620           	5.373926e+02
621           	5.373953e+02
622           	5.373979e+02
623           	5.374005e+02
624           	5.374031e+02
625           	5.374056e+02
626           	5.374081e+02
627           	5.374106e+02
628           	5.374131e+02
629           	5.374155e+02
630           	5.374179e+02
631           	5.374202e+02
632           	5.374226e+02
633           	5.374249e+02
634           	5.374272e+02
635           	5.374294e+02
636           	5.374316e+02
637           	5.374338e+02
638           	5.374360e+02
639           	5.374382e+02
640           	5.374403e+02
641           	5.374424e+02
642           	5.374444e+02
643           	5.374465e+02
644           	5.374485e+02
645           	5.374505e+02
646           	5.374525e+02
647           	5.374544e+02
648           	5.374564e+02
649           	5.374583e+02
650           	5.374601e+02
651           	5.374620e+02
652           	5.374638e+02
653           	5.374657e+02
654           	5.374675e+02
655           	5.374692e+02
656           	5.374710e+02
657           	5.374727e+02
658           	5.374744e+02
659           	5.374761e+02
660           	5.374778e+02
661           	5.374794e+02
662           	5.374810e+02
663           	5.374827e+02
664           	5.374842e+02
665           	5.374858e+02
666           	5.374874e+02
667           	5.374889e+02
668           	5.374904e+02
669           	5.374919e+02
670           	5.374934e+02
671           	5.374949e+02
672           	5.374964e+02
673           	5.374978e+02
674           	5.374992e+02
675           	5.375006e+02
676           	5.375020e+02
677           	5.375034e+02
678           	5.375048e+02
679           	5.375061e+02
680           	5.375075e+02
681           	5.375088e+02
682           	5.375101e+02
683           	5.375114e+02
684           	5.375127e+02
685           	5.375140e+02
686           	5.375152e+02
687           	5.375165e+02
688           	5.375177e+02
689           	5.375190e+02
690           	5.375202e+02
691           	5.375214e+02
692           	5.375226e+02
693           	5.375238e+02
694           	5.375250e+02
695           	5.375262e+02
696           	5.375273e+02
697           	5.375285e+02
698           	5.375297e+02
699           	5.375308e+02
700           	5.375319e+02
701           	5.375330e+02
702           	5.375342e+02
703           	5.375353e+02
704           	5.375364e+02
705           	5.375375e+02
706           	5.375385e+02
707           	5.375396e+02
708           	5.375407e+02
709           	5.375417e+02
710           	5.375428e+02
711           	5.375438e+02
712           	5.375449e+02
713           	5.375459e+02
714           	5.375469e+02
715           	5.375479e+02
716           	5.375489e+02
717           	5.375499e+02
718           	5.375509e+02
719           	5.375519e+02
720           	5.375529e+02
721           	5.375538e+02
722           	5.375548e+02
723           	5.375557e+02
724           	5.375567e+02
725           	5.375576e+02
726           	5.375585e+02
727           	5.375595e+02
728           	5.375604e+02
729           	5.375613e+02
730           	5.375622e+02
731           	5.375630e+02
732           	5.375639e+02
733           	5.375648e+02
734           	5.375657e+02
735           	5.375665e+02
736           	5.375674e+02
737           	5.375682e+02
738           	5.375690e+02
739           	5.375699e+02
740           	5.375707e+02
741           	5.375715e+02
742           	5.375723e+02
743           	5.375731e+02
744           	5.375739e+02
745           	5.375746e+02
746           	5.375754e+02
747           	5.375762e+02
748           	5.375769e+02
749           	5.375776e+02
750           	5.375784e+02
751           	5.375791e+02
752           	5.375798e+02
753           	5.375805e+02
754           	5.375812e+02
755           	5.375819e+02
756           	5.375826e+02
757           	5.375833e+02
758           	5.375839e+02
759           	5.375846e+02
760           	5.375852e+02
761           	5.375859e+02
762           	5.375865e+02
763           	5.375872e+02
764           	5.375878e+02
765           	5.375884e+02
766           	5.375890e+02
767           	5.375896e+02
768           	5.375902e+02
769           	5.375908e+02
770           	5.375913e+02
771           	5.375919e+02
772           	5.375925e+02
773           	5.375930e+02
774           	5.375936e+02
775           	5.375941e+02
776           	5.375947e+02
777           	5.375952e+02
778           	5.375957e+02
779           	5.375962e+02
780           	5.375967e+02
781           	5.375972e+02
782           	5.375977e+02
783           	5.375982e+02
784           	5.375987e+02
785           	5.375992e+02
786           	5.375997e+02
787           	5.376002e+02
788           	5.376006e+02
789           	5.376011e+02
790           	5.376016e+02
791           	5.376020e+02
792           	5.376025e+02
793           	5.376029e+02
794           	5.376034e+02
795           	5.376038e+02
796           	5.376043e+02
797           	5.376047e+02
798           	5.376051e+02
799           	5.376056e+02
800           	5.376060e+02
801           	5.376064e+02
802           	5.376068e+02
803           	5.376072e+02
804           	5.376076e+02
805           	5.376080e+02
806           	5.376084e+02
807           	5.376088e+02
808           	5.376091e+02
809           	5.376095e+02
810           	5.376099e+02
811           	5.376102e+02
812           	5.376106e+02
813           	5.376110e+02
814           	5.376113e+02
815           	5.376117e+02
816           	5.376120e+02
817           	5.376124e+02
818           	5.376127e+02
819           	5.376131e+02
820           	5.376134e+02
821           	5.376138e+02
822           	5.376141e+02
823           	5.376145e+02
824           	5.376148e+02
825           	5.376151e+02
826           	5.376155e+02
827           	5.376158e+02
828           	5.376162e+02
829           	5.376165e+02
830           	5.376169e+02
831           	5.376172e+02
832           	5.376175e+02
833           	5.376179e+02
834           	5.376182e+02
835           	5.376186e+02
836           	5.376189e+02
837           	5.376193e+02
838           	5.376196e+02
839           	5.376200e+02
840           	5.376203e+02
841           	5.376207e+02
842           	5.376210e+02
843           	5.376214e+02
844           	5.376217e+02
845           	5.376221e+02
846           	5.376224e+02
847           	5.376228e+02
848           	5.376231e+02
849           	5.376235e+02
850           	5.376239e+02
851           	5.376242e+02
852           	5.376246e+02
853           	5.376249e+02
854           	5.376253e+02
855           	5.376257e+02
856           	5.376260e+02
857           	5.376264e+02
858           	5.376267e+02
859           	5.376271e+02
860           	5.376274e+02
861           	5.376278e+02
862           	5.376282e+02
863           	5.376285e+02
864           	5.376289e+02
865           	5.376292e+02
866           	5.376296e+02
867           	5.376299e+02
868           	5.376303e+02
869           	5.376306e+02
870           	5.376310e+02
871           	5.376313e+02
872           	5.376316e+02
873           	5.376320e+02
874           	5.376323e+02
875           	5.376326e+02
876           	5.376330e+02
877           	5.376333e+02
878           	5.376336e+02
879           	5.376339e+02
880           	5.376342e+02
881           	5.376345e+02
882           	5.376348e+02
883           	5.376351e+02
884           	5.376354e+02
885           	5.376357e+02
886           	5.376360e+02
887           	5.376363e+02
888           	5.376366e+02
889           	5.376369e+02
890           	5.376372e+02
891           	5.376375e+02
892           	5.376377e+02
893           	5.376380e+02
894           	5.376383e+02
895           	5.376386e+02
896           	5.376388e+02
897           	5.376391e+02
898           	5.376393e+02
899           	5.376396e+02
900           	5.376399e+02
901           	5.376401e+02
902           	5.376404e+02
903           	5.376406e+02
904           	5.376408e+02
905           	5.376411e+02
906           	5.376413e+02
907           	5.376416e+02
908           	5.376418e+02
909           	5.376420e+02
910           	5.376422e+02
911           	5.376425e+02
912           	5.376427e+02
913           	5.376429e+02
914           	5.376431e+02
915           	5.376434e+02
916           	5.376436e+02
917           	5.376438e+02
918           	5.376440e+02
919           	5.376442e+02
920           	5.376444e+02
921           	5.376446e+02
922           	5.376448e+02
923           	5.376450e+02
924           	5.376453e+02
925           	5.376455e+02
926           	5.376457e+02
927           	5.376459e+02
928           	5.376461e+02
929           	5.376463e+02
930           	5.376465e+02
931           	5.376467e+02
932           	5.376468e+02
933           	5.376470e+02
934           	5.376472e+02
935           	5.376474e+02
936           	5.376476e+02
937           	5.376478e+02
938           	5.376480e+02
939           	5.376482e+02
940           	5.376484e+02
941           	5.376486e+02
942           	5.376488e+02
943           	5.376489e+02
944           	5.376491e+02
945           	5.376493e+02
946           	5.376495e+02
947           	5.376497e+02
948           	5.376499e+02
949           	5.376501e+02
950           	5.376502e+02
951           	5.376504e+02
952           	5.376506e+02
953           	5.376508e+02
954           	5.376510e+02
955           	5.376511e+02
956           	5.376513e+02
957           	5.376515e+02
958           	5.376517e+02
959           	5.376518e+02
960           	5.376520e+02
961           	5.376522e+02
962           	5.376524e+02
963           	5.376526e+02
964           	5.376527e+02
965           	5.376529e+02
966           	5.376531e+02
967           	5.376533e+02
968           	5.376534e+02
969           	5.376536e+02
970           	5.376538e+02
971           	5.376539e+02
972           	5.376541e+02
973           	5.376543e+02
974           	5.376545e+02
975           	5.376546e+02
976           	5.376548e+02
977           	5.376550e+02
978           	5.376551e+02
979           	5.376553e+02
980           	5.376555e+02
981           	5.376556e+02
982           	5.376558e+02
983           	5.376560e+02
984           	5.376562e+02
985           	5.376563e+02
986           	5.376565e+02
987           	5.376567e+02
988           	5.376568e+02
989           	5.376570e+02
990           	5.376572e+02
991           	5.376573e+02
992           	5.376575e+02
993           	5.376576e+02
994           	5.376578e+02
995           	5.376580e+02
996           	5.376581e+02
997           	5.376583e+02
998           	5.376585e+02
999           	5.376586e+02
1000          	5.376588e+02
1001          	5.376590e+02
1002          	5.376591e+02
1003          	5.376593e+02
1004          	5.376595e+02
1005          	5.376596e+02
1006          	5.376598e+02
1007          	5.376600e+02
1008          	5.376601e+02
1009          	5.376603e+02
1010          	5.376605e+02
1011          	5.376606e+02
1012          	5.376608e+02
1013          	5.376609e+02
1014          	5.376611e+02
1015          	5.376613e+02
1016          	5.376614e+02
1017          	5.376616e+02
1018          	5.376618e+02
1019          	5.376619e+02
1020          	5.376621e+02
1021          	5.376623e+02
1022          	5.376624e+02
1023          	5.376626e+02
1024          	5.376628e+02
1025          	5.376629e+02
1026          	5.376631e+02
1027          	5.376633e+02
1028          	5.376634e+02
1029          	5.376636e+02
1030          	5.376638e+02
1031          	5.376639e+02
1032          	5.376641e+02
1033          	5.376643e+02
1034          	5.376644e+02
1035          	5.376646e+02
1036          	5.376648e+02
1037          	5.376649e+02
1038          	5.376651e+02
1039          	5.376653e+02
1040          	5.376655e+02
1041          	5.376656e+02
1042          	5.376658e+02
1043          	5.376660e+02
1044          	5.376661e+02
1045          	5.376663e+02
1046          	5.376665e+02
1047          	5.376666e+02
1048          	5.376668e+02
1049          	5.376670e+02
1050          	5.376671e+02
1051          	5.376673e+02
1052          	5.376675e+02
1053          	5.376677e+02
1054          	5.376678e+02
1055          	5.376680e+02
1056          	5.376682e+02
1057          	5.376683e+02
1058          	5.376685e+02
1059          	5.376687e+02
1060          	5.376688e+02
1061          	5.376690e+02
1062          	5.376692e+02
1063          	5.376694e+02
1064          	5.376695e+02
1065          	5.376697e+02
1066          	5.376699e+02
1067          	5.376700e+02
1068          	5.376702e+02
1069          	5.376704e+02
1070          	5.376706e+02
1071          	5.376707e+02
1072          	5.376709e+02
1073          	5.376711e+02
1074          	5.376712e+02
1075          	5.376714e+02
1076          	5.376716e+02
1077          	5.376717e+02
1078          	5.376719e+02
1079          	5.376721e+02
1080          	5.376723e+02
1081          	5.376724e+02
1082          	5.376726e+02
1083          	5.376728e+02
1084          	5.376729e+02
1085          	5.376731e+02
1086          	5.376733e+02
1087          	5.376735e+02
1088          	5.376736e+02
1089          	5.376738e+02
1090          	5.376740e+02
1091          	5.376741e+02
1092          	5.376743e+02
1093          	5.376745e+02
1094          	5.376747e+02
1095          	5.376748e+02
1096          	5.376750e+02
1097          	5.376752e+02
1098          	5.376754e+02
1099          	5.376755e+02
1100          	5.376757e+02
1101          	5.376759e+02
1102          	5.376760e+02
1103          	5.376762e+02
1104          	5.376764e+02
1105          	5.376765e+02
1106          	5.376767e+02
1107          	5.376769e+02
1108          	5.376770e+02
1109          	5.376772e+02
1110          	5.376774e+02
1111          	5.376775e+02
1112          	5.376777e+02
1113          	5.376779e+02
1114          	5.376780e+02
1115          	5.376782e+02
1116          	5.376784e+02
1117          	5.376785e+02
1118          	5.376787e+02
1119          	5.376789e+02
1120          	5.376790e+02
1121          	5.376792e+02
1122          	5.376793e+02
1123          	5.376795e+02
1124          	5.376797e+02
1125          	5.376798e+02
1126          	5.376800e+02
1127          	5.376802e+02
1128          	5.376803e+02
1129          	5.376805e+02
1130          	5.376807e+02
1131          	5.376808e+02
1132          	5.376810e+02
1133          	5.376811e+02
1134          	5.376813e+02
1135          	5.376815e+02
1136          	5.376816e+02
1137          	5.376818e+02
1138          	5.376820e+02
1139          	5.376821e+02
1140          	5.376823e+02
1141          	5.376825e+02
1142          	5.376826e+02
1143          	5.376828e+02
1144          	5.376830e+02
1145          	5.376831e+02
1146          	5.376833e+02
1147          	5.376835e+02
1148          	5.376837e+02
1149          	5.376838e+02
1150          	5.376840e+02
1151          	5.376842e+02
1152          	5.376844e+02
1153          	5.376845e+02
1154          	5.376847e+02
1155          	5.376849e+02
1156          	5.376851e+02
1157          	5.376853e+02
1158          	5.376855e+02
1159          	5.376856e+02
1160          	5.376858e+02
1161          	5.376860e+02
1162          	5.376862e+02
1163          	5.376864e+02
1164          	5.376866e+02
1165          	5.376868e+02
1166          	5.376870e+02
1167          	5.376873e+02
1168          	5.376875e+02
1169          	5.376877e+02
1170          	5.376879e+02
1171          	5.376881e+02
1172          	5.376883e+02
1173          	5.376886e+02
1174          	5.376888e+02
1175          	5.376890e+02
1176          	5.376892e+02
1177          	5.376895e+02
1178          	5.376897e+02
1179          	5.376899e+02
1180          	5.376902e+02
1181          	5.376904e+02
1182          	5.376906e+02
1183          	5.376909e+02
1184          	5.376911e+02
1185          	5.376913e+02
1186          	5.376916e+02
1187          	5.376918e+02
1188          	5.376920e+02
1189          	5.376923e+02
1190          	5.376925e+02
1191          	5.376928e+02
1192          	5.376930e+02
1193          	5.376932e+02
1194          	5.376935e+02
1195          	5.376937e+02
1196          	5.376939e+02
1197          	5.376942e+02
1198          	5.376944e+02
1199          	5.376947e+02
1200          	5.376949e+02
1201          	5.376951e+02
1202          	5.376954e+02
1203          	5.376956e+02
1204          	5.376959e+02
1205          	5.376961e+02
1206          	5.376963e+02
1207          	5.376966e+02
1208          	5.376968e+02
1209          	5.376970e+02
1210          	5.376973e+02
1211          	5.376975e+02
1212          	5.376977e+02
1213          	5.376980e+02
1214          	5.376982e+02
1215          	5.376984e+02
1216          	5.376987e+02
1217          	5.376989e+02
1218          	5.376991e+02
1219          	5.376994e+02
1220          	5.376996e+02
1221          	5.376998e+02
1222          	5.377001e+02
1223          	5.377003e+02
1224          	5.377005e+02
1225          	5.377007e+02
1226          	5.377010e+02
1227          	5.377012e+02
1228          	5.377014e+02
1229          	5.377016e+02
1230          	5.377019e+02
1231          	5.377021e+02
1232          	5.377023e+02
1233          	5.377025e+02
1234          	5.377027e+02
1235          	5.377030e+02
1236          	5.377032e+02
1237          	5.377034e+02
1238          	5.377036e+02
1239          	5.377038e+02
1240          	5.377041e+02
1241          	5.377043e+02
1242          	5.377045e+02
1243          	5.377047e+02
1244          	5.377049e+02
1245          	5.377051e+02
1246          	5.377054e+02
1247          	5.377056e+02
1248          	5.377058e+02
1249          	5.377060e+02
1250          	5.377062e+02
1251          	5.377064e+02
1252          	5.377067e+02
1253          	5.377069e+02
1254          	5.377071e+02
1255          	5.377073e+02
1256          	5.377075e+02
1257          	5.377077e+02
1258          	5.377079e+02
1259          	5.377082e+02
1260          	5.377084e+02
1261          	5.377086e+02
1262          	5.377088e+02
1263          	5.377090e+02
1264          	5.377092e+02
1265          	5.377094e+02
1266          	5.377096e+02
1267          	5.377098e+02
1268          	5.377100e+02
1269          	5.377103e+02
1270          	5.377105e+02
1271          	5.377107e+02
1272          	5.377109e+02
1273          	5.377111e+02
1274          	5.377113e+02
1275          	5.377115e+02
1276          	5.377117e+02
1277          	5.377119e+02
1278          	5.377121e+02
1279          	5.377123e+02
1280          	5.377125e+02
1281          	5.377127e+02
1282          	5.377129e+02
1283          	5.377131e+02
1284          	5.377132e+02
1285          	5.377134e+02
1286          	5.377136e+02
1287          	5.377138e+02
1288          	5.377140e+02
1289          	5.377142e+02
1290          	5.377144e+02
1291          	5.377146e+02
1292          	5.377147e+02
1293          	5.377149e+02
1294          	5.377151e+02
1295          	5.377153e+02
1296          	5.377154e+02
1297          	5.377156e+02
1298          	5.377158e+02
1299          	5.377160e+02
1300          	5.377161e+02
1301          	5.377163e+02
1302          	5.377165e+02
1303          	5.377166e+02
1304          	5.377168e+02
1305          	5.377170e+02
1306          	5.377171e+02
1307          	5.377173e+02
1308          	5.377175e+02
1309          	5.377176e+02
1310          	5.377178e+02
1311          	5.377179e+02
1312          	5.377181e+02
1313          	5.377182e+02
1314          	5.377184e+02
1315          	5.377185e+02
1316          	5.377187e+02
1317          	5.377188e+02
1318          	5.377190e+02
1319          	5.377191e+02
1320          	5.377193e+02
1321          	5.377194e+02
1322          	5.377196e+02
1323          	5.377197e+02
1324          	5.377199e+02
1325          	5.377200e+02
1326          	5.377202e+02
1327          	5.377203e+02
1328          	5.377204e+02
1329          	5.377206e+02
1330          	5.377207e+02
1331          	5.377209e+02
1332          	5.377210e+02
1333          	5.377211e+02
1334          	5.377213e+02
1335          	5.377214e+02
1336          	5.377215e+02
1337          	5.377217e+02
1338          	5.377218e+02
1339          	5.377219e+02
1340          	5.377221e+02
1341          	5.377222e+02
1342          	5.377223e+02
1343          	5.377225e+02
1344          	5.377226e+02
1345          	5.377227e+02
1346          	5.377229e+02
1347          	5.377230e+02
1348          	5.377231e+02
1349          	5.377233e+02
1350          	5.377234e+02
1351          	5.377235e+02
1352          	5.377236e+02
1353          	5.377238e+02
1354          	5.377239e+02
1355          	5.377240e+02
1356          	5.377241e+02
1357          	5.377243e+02
1358          	5.377244e+02
1359          	5.377245e+02
1360          	5.377247e+02
1361          	5.377248e+02
1362          	5.377249e+02
1363          	5.377250e+02
1364          	5.377252e+02
1365          	5.377253e+02
1366          	5.377254e+02
1367          	5.377255e+02
1368          	5.377256e+02
1369          	5.377258e+02
1370          	5.377259e+02
1371          	5.377260e+02
1372          	5.377261e+02
1373          	5.377263e+02
1374          	5.377264e+02
1375          	5.377265e+02
1376          	5.377266e+02
1377          	5.377267e+02
1378          	5.377269e+02
1379          	5.377270e+02
1380          	5.377271e+02
1381          	5.377272e+02
1382          	5.377273e+02
1383          	5.377275e+02
1384          	5.377276e+02
1385          	5.377277e+02
1386          	5.377278e+02
1387          	5.377279e+02
1388          	5.377281e+02
1389          	5.377282e+02
1390          	5.377283e+02
1391          	5.377284e+02
1392          	5.377285e+02
1393          	5.377286e+02
1394          	5.377288e+02
1395          	5.377289e+02
1396          	5.377290e+02
1397          	5.377291e+02
1398          	5.377292e+02
1399          	5.377293e+02
1400          	5.377294e+02
1401          	5.377296e+02
1402          	5.377297e+02
1403          	5.377298e+02
1404          	5.377299e+02
1405          	5.377300e+02
1406          	5.377301e+02
1407          	5.377302e+02
1408          	5.377303e+02
1409          	5.377304e+02
1410          	5.377305e+02
1411          	5.377307e+02
1412          	5.377308e+02
1413          	5.377309e+02
1414          	5.377310e+02
1415          	5.377311e+02
1416          	5.377312e+02
1417          	5.377313e+02
1418          	5.377314e+02
1419          	5.377315e+02
1420          	5.377316e+02
1421          	5.377317e+02
1422          	5.377318e+02
1423          	5.377319e+02
1424          	5.377320e+02
1425          	5.377321e+02
1426          	5.377322e+02
1427          	5.377323e+02
1428          	5.377324e+02
1429          	5.377325e+02
1430          	5.377326e+02
1431          	5.377327e+02
1432          	5.377328e+02
1433          	5.377329e+02
1434          	5.377330e+02
1435          	5.377331e+02
1436          	5.377332e+02
1437          	5.377333e+02
1438          	5.377334e+02
1439          	5.377335e+02
1440          	5.377336e+02
1441          	5.377337e+02
1442          	5.377338e+02
1443          	5.377339e+02
1444          	5.377339e+02
1445          	5.377340e+02
1446          	5.377341e+02
1447          	5.377342e+02
1448          	5.377343e+02
1449          	5.377344e+02
1450          	5.377345e+02
1451          	5.377346e+02
1452          	5.377347e+02
1453          	5.377347e+02
1454          	5.377348e+02
1455          	5.377349e+02
1456          	5.377350e+02
1457          	5.377351e+02
1458          	5.377352e+02
1459          	5.377352e+02
1460          	5.377353e+02
1461          	5.377354e+02
1462          	5.377355e+02
1463          	5.377356e+02
1464          	5.377356e+02
1465          	5.377357e+02
1466          	5.377358e+02
1467          	5.377359e+02
1468          	5.377360e+02
1469          	5.377360e+02
1470          	5.377361e+02
1471          	5.377362e+02
1472          	5.377363e+02
1473          	5.377363e+02
1474          	5.377364e+02
1475          	5.377365e+02
1476          	5.377365e+02
1477          	5.377366e+02
1478          	5.377367e+02
1479          	5.377368e+02
1480          	5.377368e+02
1481          	5.377369e+02
1482          	5.377370e+02
1483          	5.377370e+02
1484          	5.377371e+02
1485          	5.377372e+02
1486          	5.377372e+02
1487          	5.377373e+02
1488          	5.377373e+02
1489          	5.377374e+02
1490          	5.377375e+02
1491          	5.377375e+02
1492          	5.377376e+02
1493          	5.377377e+02
1494          	5.377377e+02
1495          	5.377378e+02
1496          	5.377378e+02
1497          	5.377379e+02
1498          	5.377379e+02
1499          	5.377380e+02
1500          	5.377381e+02
1501          	5.377381e+02
1502          	5.377382e+02
1503          	5.377382e+02
1504          	5.377383e+02
1505          	5.377383e+02
1506          	5.377384e+02
1507          	5.377384e+02
1508          	5.377385e+02
1509          	5.377385e+02
1510          	5.377386e+02
1511          	5.377386e+02
1512          	5.377387e+02
1513          	5.377387e+02
1514          	5.377388e+02
1515          	5.377388e+02
1516          	5.377389e+02
1517          	5.377389e+02
1518          	5.377389e+02
1519          	5.377390e+02
1520          	5.377390e+02
1521          	5.377391e+02
1522          	5.377391e+02
1523          	5.377392e+02
1524          	5.377392e+02
1525          	5.377392e+02
1526          	5.377393e+02
1527          	5.377393e+02
1528          	5.377394e+02
1529          	5.377394e+02
1530          	5.377394e+02
1531          	5.377395e+02
1532          	5.377395e+02
1533          	5.377396e+02
1534          	5.377396e+02
1535          	5.377396e+02
1536          	5.377397e+02
1537          	5.377397e+02
1538          	5.377397e+02
1539          	5.377397e+02
1540          	5.377397e+02
1541          	5.377397e+02
1542          	5.377397e+02
1543          	5.377397e+02
1544          	5.377397e+02
1545          	5.377397e+02
1546          	5.377397e+02
1547          	5.377397e+02
1548          	5.377397e+02
1549          	5.377397e+02
1550          	5.377397e+02
1551          	5.377397e+02
1552          	5.377397e+02
1553          	5.377398e+02
1554          	5.377398e+02
1555          	5.377398e+02
1556          	5.377398e+02
1557          	5.377398e+02
1558          	5.377398e+02
1559          	5.377398e+02
1560          	5.377398e+02
1561          	5.377398e+02
1562          	5.377398e+02
1563          	5.377398e+02
1564          	5.377398e+02
1565          	5.377398e+02
1566          	5.377398e+02
1567          	5.377398e+02
1568          	5.377398e+02
1569          	5.377398e+02
1570          	5.377398e+02
1571          	5.377398e+02
1572          	5.377398e+02
1573          	5.377398e+02
1574          	5.377398e+02
1575          	5.377398e+02
1576          	5.377398e+02
1577          	5.377398e+02
1578          	5.377398e+02
1579          	5.377398e+02
1580          	5.377398e+02
1581          	5.377398e+02
1582          	5.377398e+02
1583          	5.377398e+02
1584          	5.377398e+02
1585          	5.377398e+02
1586          	5.377398e+02
1587          	5.377398e+02
1588          	5.377398e+02
1589          	5.377398e+02
1590          	5.377398e+02
1591          	5.377398e+02
1592          	5.377398e+02
1593          	5.377398e+02
1594          	5.377398e+02
1595          	5.377398e+02
1596          	5.377398e+02
1597          	5.377398e+02
1598          	5.377398e+02
1599          	5.377398e+02
1600          	5.377398e+02
1601          	5.377398e+02
1602          	5.377398e+02
1603          	5.377398e+02
1604          	5.377398e+02
1605          	5.377398e+02
1606          	5.377398e+02
1607          	5.377398e+02
1608          	5.377398e+02
1609          	5.377398e+02
1610          	5.377398e+02
1611          	5.377398e+02
1612          	5.377398e+02
1613          	5.377398e+02
1614          	5.377398e+02
1615          	5.377398e+02
1616          	5.377398e+02
1617          	5.377398e+02
1618          	5.377398e+02
1619          	5.377398e+02
1620          	5.377398e+02
1621          	5.377398e+02
1622          	5.377398e+02
1623          	5.377398e+02
1624          	5.377398e+02
1625          	5.377398e+02
1626          	5.377398e+02
1627          	5.377398e+02
1628          	5.377398e+02
1629          	5.377398e+02
1630          	5.377398e+02
1631          	5.377398e+02
1632          	5.377398e+02
1633          	5.377398e+02
1634          	5.377398e+02
1635          	5.377398e+02
1636          	5.377398e+02
1637          	5.377398e+02
1638          	5.377398e+02
1639          	5.377398e+02
1640          	5.377398e+02
1641          	5.377398e+02
1642          	5.377398e+02
1643          	5.377398e+02
1644          	5.377398e+02
1645          	5.377398e+02
1646          	5.377398e+02
1647          	5.377398e+02
1648          	5.377398e+02
1649          	5.377398e+02
1650          	5.377398e+02
1651          	5.377398e+02
1652          	5.377398e+02
1653          	5.377398e+02
1654          	5.377398e+02
1655          	5.377398e+02
1656          	5.377398e+02
1657          	5.377398e+02
1658          	5.377398e+02
1659          	5.377398e+02
1660          	5.377398e+02
1661          	5.377398e+02
1662          	5.377398e+02
1663          	5.377398e+02
1664          	5.377398e+02
1665          	5.377398e+02
1666          	5.377398e+02
1667          	5.377398e+02
1668          	5.377398e+02
1669          	5.377398e+02
1670          	5.377398e+02
1671          	5.377398e+02
1672          	5.377398e+02
1673          	5.377398e+02
1674          	5.377398e+02
1675          	5.377398e+02
1676          	5.377398e+02
1677          	5.377398e+02
1678          	5.377398e+02
1679          	5.377398e+02
1680          	5.377398e+02
1681          	5.377398e+02
1682          	5.377398e+02
1683          	5.377398e+02
1684          	5.377398e+02
1685          	5.377398e+02
1686          	5.377398e+02
1687          	5.377398e+02
1688          	5.377398e+02
1689          	5.377398e+02
1690          	5.377398e+02
1691          	5.377398e+02
1692          	5.377398e+02
1693          	5.377398e+02
1694          	5.377398e+02
1695          	5.377398e+02
1696          	5.377398e+02
1697          	5.377398e+02
1698          	5.377398e+02
1699          	5.377398e+02
1700          	5.377398e+02
1701          	5.377398e+02
1702          	5.377398e+02
1703          	5.377398e+02
1704          	5.377398e+02
1705          	5.377398e+02
1706          	5.377398e+02
1707          	5.377398e+02
1708          	5.377398e+02
1709          	5.377398e+02
1710          	5.377398e+02
1711          	5.377398e+02
1712          	5.377398e+02
1713          	5.377398e+02
1714          	5.377399e+02
1715          	5.377399e+02
1716          	5.377399e+02
1717          	5.377399e+02
1718          	5.377399e+02
1719          	5.377399e+02
1720          	5.377399e+02
1721          	5.377399e+02
1722          	5.377399e+02
1723          	5.377399e+02
1724          	5.377399e+02
1725          	5.377399e+02
1726          	5.377399e+02
1727          	5.377399e+02
1728          	5.377399e+02
1729          	5.377399e+02
1730          	5.377399e+02
1731          	5.377399e+02
1732          	5.377399e+02
1733          	5.377399e+02
1734          	5.377400e+02
1735          	5.377400e+02
1736          	5.377401e+02
1737          	5.377401e+02
1738          	5.377401e+02
1739          	5.377401e+02
1740          	5.377401e+02
1741          	5.377401e+02
1742          	5.377401e+02
1743          	5.377401e+02
1744          	5.377401e+02
1745          	5.377401e+02
1746          	5.377401e+02
1747          	5.377401e+02
1748          	5.377401e+02
1749          	5.377401e+02
1750          	5.377401e+02
1751          	5.377401e+02
1752          	5.377401e+02
1753          	5.377402e+02
1754          	5.377402e+02
1755          	5.377402e+02
1756          	5.377403e+02
1757          	5.377403e+02
1758          	5.377403e+02
1759          	5.377403e+02
1760          	5.377403e+02
1761          	5.377403e+02
1762          	5.377403e+02
1763          	5.377403e+02
1764          	5.377403e+02
1765          	5.377403e+02
1766          	5.377403e+02
1767          	5.377403e+02
1768          	5.377403e+02
1769          	5.377403e+02
1770          	5.377403e+02
1771          	5.377403e+02
1772          	5.377404e+02
1773          	5.377404e+02
1774          	5.377405e+02
1775          	5.377405e+02
1776          	5.377405e+02
1777          	5.377405e+02
1778          	5.377405e+02
1779          	5.377405e+02
1780          	5.377405e+02
1781          	5.377405e+02
1782          	5.377405e+02
1783          	5.377405e+02
1784          	5.377405e+02
1785          	5.377405e+02
1786          	5.377405e+02
1787          	5.377405e+02
1788          	5.377405e+02
1789          	5.377405e+02
1790          	5.377405e+02
1791          	5.377405e+02
1792          	5.377406e+02
1793          	5.377406e+02
1794          	5.377406e+02
1795          	5.377406e+02
1796          	5.377406e+02
1797          	5.377406e+02
1798          	5.377406e+02
1799          	5.377406e+02
1800          	5.377406e+02
1801          	5.377406e+02
1802          	5.377406e+02
1803          	5.377406e+02
1804          	5.377406e+02
1805          	5.377406e+02
1806          	5.377406e+02
1807          	5.377406e+02
1808          	5.377406e+02
1809          	5.377406e+02
1810          	5.377407e+02
1811          	5.377407e+02
1812          	5.377407e+02
1813          	5.377408e+02
1814          	5.377408e+02
1815          	5.377408e+02
1816          	5.377408e+02
1817          	5.377408e+02
1818          	5.377408e+02
1819          	5.377408e+02
1820          	5.377408e+02
1821          	5.377408e+02
1822          	5.377408e+02
1823          	5.377408e+02
1824          	5.377408e+02
1825          	5.377408e+02
1826          	5.377408e+02
1827          	5.377408e+02
1828          	5.377408e+02
1829          	5.377408e+02
1830          	5.377409e+02
1831          	5.377409e+02
1832          	5.377410e+02
1833          	5.377410e+02
1834          	5.377410e+02
1835          	5.377410e+02
1836          	5.377410e+02
1837          	5.377410e+02
1838          	5.377410e+02
1839          	5.377410e+02
1840          	5.377410e+02
1841          	5.377410e+02
1842          	5.377410e+02
1843          	5.377410e+02
1844          	5.377410e+02
1845          	5.377410e+02
1846          	5.377410e+02
1847          	5.377410e+02
1848          	5.377410e+02
1849          	5.377410e+02
1850          	5.377410e+02
1851          	5.377411e+02
1852          	5.377411e+02
1853          	5.377411e+02
1854          	5.377412e+02
1855          	5.377412e+02
1856          	5.377412e+02
1857          	5.377412e+02
1858          	5.377412e+02
1859          	5.377412e+02
1860          	5.377412e+02
1861          	5.377412e+02
1862          	5.377412e+02
1863          	5.377412e+02
1864          	5.377412e+02
1865          	5.377412e+02
1866          	5.377412e+02
1867          	5.377412e+02
1868          	5.377412e+02
1869          	5.377412e+02
1870          	5.377412e+02
1871          	5.377412e+02
1872          	5.377412e+02
1873          	5.377412e+02
1874          	5.377412e+02
1875          	5.377412e+02
1876          	5.377412e+02
1877          	5.377412e+02
1878          	5.377412e+02
1879          	5.377412e+02
1880          	5.377412e+02
1881          	5.377412e+02
1882          	5.377412e+02
1883          	5.377412e+02
1884          	5.377412e+02
1885          	5.377413e+02
1886          	5.377413e+02
1887          	5.377413e+02
1888          	5.377413e+02
1889          	5.377413e+02
1890          	5.377413e+02
1891          	5.377413e+02
1892          	5.377413e+02
1893          	5.377413e+02
1894          	5.377413e+02
1895          	5.377413e+02
1896          	5.377413e+02
1897          	5.377413e+02
1898          	5.377413e+02
1899          	5.377413e+02
1900          	5.377413e+02
1901          	5.377413e+02
1902          	5.377413e+02
1903          	5.377413e+02
1904          	5.377413e+02
1905          	5.377413e+02
1906          	5.377413e+02
1907          	5.377413e+02
1908          	5.377413e+02
1909          	5.377413e+02
1910          	5.377413e+02
1911          	5.377413e+02
1912          	5.377413e+02
1913          	5.377413e+02
1914          	5.377413e+02
1915          	5.377413e+02
1916          	5.377413e+02
1917          	5.377413e+02
1918          	5.377413e+02
1919          	5.377413e+02
1920          	5.377413e+02
1921          	5.377413e+02
1922          	5.377413e+02
1923          	5.377413e+02
1924          	5.377413e+02
1925          	5.377413e+02
1926          	5.377413e+02
1927          	5.377413e+02
1928          	5.377413e+02
1929          	5.377413e+02
1930          	5.377413e+02
1931          	5.377413e+02
1932          	5.377413e+02
1933          	5.377413e+02
1934          	5.377413e+02
1935          	5.377413e+02
1936          	5.377413e+02
1937          	5.377413e+02
1938          	5.377413e+02
1939          	5.377413e+02
1940          	5.377413e+02
1941          	5.377413e+02
1942          	5.377413e+02
1943          	5.377413e+02
1944          	5.377413e+02
1945          	5.377413e+02
1946          	5.377413e+02
1947          	5.377413e+02
1948          	5.377413e+02
1949          	5.377413e+02
1950          	5.377413e+02
1951          	5.377413e+02
1952          	5.377413e+02
1953          	5.377413e+02
1954          	5.377413e+02
1955          	5.377413e+02
1956          	5.377413e+02
1957          	5.377413e+02
1958          	5.377413e+02
1959          	5.377413e+02
1960          	5.377413e+02
1961          	5.377413e+02
1962          	5.377413e+02
1963          	5.377413e+02
1964          	5.377413e+02
1965          	5.377413e+02
1966          	5.377413e+02
1967          	5.377413e+02
1968          	5.377413e+02
1969          	5.377413e+02
1970          	5.377413e+02
1971          	5.377413e+02
1972          	5.377413e+02
1973          	5.377413e+02
1974          	5.377413e+02
1975          	5.377413e+02
1976          	5.377413e+02
1977          	5.377413e+02
1978          	5.377413e+02
1979          	5.377413e+02
1980          	5.377413e+02
1981          	5.377413e+02
1982          	5.377413e+02
1983          	5.377413e+02
1984          	5.377413e+02
1985          	5.377413e+02
1986          	5.377413e+02
1987          	5.377413e+02
1988          	5.377413e+02
1989          	5.377413e+02
1990          	5.377413e+02
1991          	5.377413e+02
1992          	5.377413e+02
1993          	5.377413e+02
1994          	5.377413e+02
1995          	5.377413e+02
1996          	5.377413e+02
1997          	5.377413e+02
1998          	5.377413e+02
1999          	5.377413e+02
2000          	5.377413e+02
