# Region      : all 
# Cells       : 651
# Volume      : 1.000000e-06
# Time        	volAverage(T)
0             	2.969000e+02
1             	3.088704e+02
2             	3.112544e+02
3             	3.137425e+02
4             	3.161450e+02
5             	3.184939e+02
6             	3.208028e+02
7             	3.230808e+02
8             	3.253333e+02
9             	3.275639e+02
10            	3.297749e+02
11            	3.319678e+02
12            	3.341436e+02
13            	3.363029e+02
14            	3.384463e+02
15            	3.405741e+02
16            	3.426866e+02
17            	3.447841e+02
18            	3.468667e+02
19            	3.489346e+02
20            	3.509879e+02
21            	3.530268e+02
22            	3.550515e+02
23            	3.570620e+02
24            	3.590585e+02
25            	3.610410e+02
26            	3.630098e+02
27            	3.649648e+02
28            	3.669063e+02
29            	3.688343e+02
30            	3.707489e+02
31            	3.726502e+02
32            	3.745381e+02
33            	3.764129e+02
34            	3.782746e+02
35            	3.801233e+02
36            	3.819591e+02
37            	3.837820e+02
38            	3.855920e+02
39            	3.873894e+02
40            	3.891741e+02
41            	3.909463e+02
42            	3.927060e+02
43            	3.944534e+02
44            	3.961885e+02
45            	3.979114e+02
46            	3.996220e+02
47            	4.013206e+02
48            	4.030072e+02
49            	4.046818e+02
50            	4.063446e+02
51            	4.079956e+02
52            	4.096350e+02
53            	4.112627e+02
54            	4.128789e+02
55            	4.144837e+02
56            	4.160772e+02
57            	4.176593e+02
58            	4.192303e+02
59            	4.207902e+02
60            	4.223390e+02
61            	4.238769e+02
62            	4.254039e+02
63            	4.269201e+02
64            	4.284256e+02
65            	4.299205e+02
66            	4.314048e+02
67            	4.328786e+02
68            	4.343421e+02
69            	4.357952e+02
70            	4.372381e+02
71            	4.386708e+02
72            	4.400935e+02
73            	4.415061e+02
74            	4.429088e+02
75            	4.443017e+02
76            	4.456847e+02
77            	4.470579e+02
78            	4.484215e+02
79            	4.497753e+02
80            	4.511197e+02
81            	4.524545e+02
82            	4.537800e+02
83            	4.550961e+02
84            	4.564029e+02
85            	4.577005e+02
86            	4.589889e+02
87            	4.602682e+02
88            	4.615384e+02
89            	4.627996e+02
90            	4.640519e+02
91            	4.652953e+02
92            	4.665300e+02
93            	4.677560e+02
94            	4.689733e+02
95            	4.701821e+02
96            	4.713822e+02
97            	4.725739e+02
98            	4.737571e+02
99            	4.749320e+02
100           	4.760985e+02
101           	4.772568e+02
102           	4.784069e+02
103           	4.795488e+02
104           	4.806827e+02
105           	4.818085e+02
106           	4.829264e+02
107           	4.840364e+02
108           	4.851386e+02
109           	4.862328e+02
110           	4.873194e+02
111           	4.883981e+02
112           	4.894693e+02
113           	4.905328e+02
114           	4.915887e+02
115           	4.926372e+02
116           	4.936782e+02
117           	4.947118e+02
118           	4.957381e+02
119           	4.967570e+02
120           	4.977688e+02
121           	4.987733e+02
122           	4.997706e+02
123           	5.007608e+02
124           	5.017440e+02
125           	5.027201e+02
126           	5.036892e+02
127           	5.046514e+02
128           	5.056068e+02
129           	5.065553e+02
130           	5.074970e+02
131           	5.084320e+02
132           	5.093603e+02
133           	5.102820e+02
134           	5.111971e+02
135           	5.121056e+02
136           	5.130076e+02
137           	5.139033e+02
138           	5.147925e+02
139           	5.156753e+02
140           	5.165519e+02
141           	5.174222e+02
142           	5.182862e+02
143           	5.191441e+02
144           	5.199959e+02
145           	5.208416e+02
146           	5.216813e+02
147           	5.225150e+02
148           	5.233427e+02
149           	5.241645e+02
150           	5.249804e+02
151           	5.257905e+02
152           	5.265948e+02
153           	5.273934e+02
154           	5.281862e+02
155           	5.289733e+02
156           	5.297548e+02
157           	5.305307e+02
158           	5.313010e+02
159           	5.320657e+02
160           	5.328250e+02
161           	5.335788e+02
162           	5.343272e+02
163           	5.350702e+02
164           	5.358078e+02
165           	5.365401e+02
166           	5.372672e+02
167           	5.379890e+02
168           	5.387056e+02
169           	5.394171e+02
170           	5.401234e+02
171           	5.408246e+02
172           	5.415208e+02
173           	5.422119e+02
174           	5.428981e+02
175           	5.435793e+02
176           	5.442556e+02
177           	5.449270e+02
178           	5.455936e+02
179           	5.462554e+02
180           	5.469124e+02
181           	5.475647e+02
182           	5.482122e+02
183           	5.488551e+02
184           	5.494934e+02
185           	5.501271e+02
186           	5.507562e+02
187           	5.513807e+02
188           	5.520007e+02
189           	5.526163e+02
190           	5.532274e+02
191           	5.538342e+02
192           	5.544365e+02
193           	5.550345e+02
194           	5.556282e+02
195           	5.562176e+02
196           	5.568028e+02
197           	5.573837e+02
198           	5.579604e+02
199           	5.585330e+02
200           	5.591015e+02
201           	5.596658e+02
202           	5.602261e+02
203           	5.607823e+02
204           	5.613346e+02
205           	5.618828e+02
206           	5.624270e+02
207           	5.629673e+02
208           	5.635037e+02
209           	5.640363e+02
210           	5.645649e+02
211           	5.650898e+02
212           	5.656108e+02
213           	5.661281e+02
214           	5.666416e+02
215           	5.671514e+02
216           	5.676575e+02
217           	5.681600e+02
218           	5.686588e+02
219           	5.691540e+02
220           	5.696456e+02
221           	5.701336e+02
222           	5.706181e+02
223           	5.710991e+02
224           	5.715766e+02
225           	5.720506e+02
226           	5.725212e+02
227           	5.729883e+02
228           	5.734521e+02
229           	5.739125e+02
230           	5.743695e+02
231           	5.748233e+02
232           	5.752737e+02
233           	5.757209e+02
234           	5.761648e+02
235           	5.766055e+02
236           	5.770430e+02
237           	5.774773e+02
238           	5.779084e+02
239           	5.783365e+02
240           	5.787614e+02
241           	5.791832e+02
242           	5.796020e+02
243           	5.800177e+02
244           	5.804304e+02
245           	5.808401e+02
246           	5.812468e+02
247           	5.816505e+02
248           	5.820514e+02
249           	5.824493e+02
250           	5.828443e+02
251           	5.832364e+02
252           	5.836257e+02
253           	5.840122e+02
254           	5.843958e+02
255           	5.847767e+02
256           	5.851548e+02
257           	5.855301e+02
258           	5.859027e+02
259           	5.862726e+02
260           	5.866398e+02
261           	5.870043e+02
262           	5.873662e+02
263           	5.877255e+02
264           	5.880821e+02
265           	5.884361e+02
266           	5.887876e+02
267           	5.891364e+02
268           	5.894828e+02
269           	5.898266e+02
270           	5.901680e+02
271           	5.905068e+02
272           	5.908432e+02
273           	5.911771e+02
274           	5.915086e+02
275           	5.918376e+02
276           	5.921643e+02
277           	5.924886e+02
278           	5.928105e+02
279           	5.931301e+02
280           	5.934473e+02
281           	5.937623e+02
282           	5.940749e+02
283           	5.943852e+02
284           	5.946933e+02
285           	5.949991e+02
286           	5.953027e+02
287           	5.956041e+02
288           	5.959033e+02
289           	5.962003e+02
290           	5.964951e+02
291           	5.967878e+02
292           	5.970783e+02
293           	5.973667e+02
294           	5.976530e+02
295           	5.979372e+02
296           	5.982194e+02
297           	5.984994e+02
298           	5.987775e+02
299           	5.990535e+02
300           	5.993274e+02
301           	5.995994e+02
302           	5.998694e+02
303           	6.001374e+02
304           	6.004035e+02
305           	6.006676e+02
306           	6.009299e+02
307           	6.011901e+02
308           	6.014486e+02
309           	6.017051e+02
310           	6.019598e+02
311           	6.022126e+02
312           	6.024636e+02
313           	6.027127e+02
314           	6.029600e+02
315           	6.032056e+02
316           	6.034493e+02
317           	6.036912e+02
318           	6.039314e+02
319           	6.041698e+02
320           	6.044065e+02
321           	6.046414e+02
322           	6.048746e+02
323           	6.051061e+02
324           	6.053360e+02
325           	6.055641e+02
326           	6.057906e+02
327           	6.060154e+02
328           	6.062386e+02
329           	6.064602e+02
330           	6.066801e+02
331           	6.068984e+02
332           	6.071152e+02
333           	6.073303e+02
334           	6.075439e+02
335           	6.077559e+02
336           	6.079664e+02
337           	6.081753e+02
338           	6.083827e+02
339           	6.085886e+02
340           	6.087929e+02
341           	6.089958e+02
342           	6.091972e+02
343           	6.093971e+02
344           	6.095956e+02
345           	6.097926e+02
346           	6.099882e+02
347           	6.101823e+02
348           	6.103750e+02
349           	6.105663e+02
350           	6.107562e+02
351           	6.109448e+02
352           	6.111319e+02
353           	6.113177e+02
354           	6.115021e+02
355           	6.116851e+02
356           	6.118668e+02
357           	6.120472e+02
358           	6.122263e+02
359           	6.124041e+02
360           	6.125805e+02
361           	6.127557e+02
362           	6.129295e+02
363           	6.131021e+02
364           	6.132735e+02
365           	6.134436e+02
366           	6.136124e+02
367           	6.137800e+02
368           	6.139464e+02
369           	6.141115e+02
370           	6.142755e+02
371           	6.144382e+02
372           	6.145998e+02
373           	6.147601e+02
374           	6.149193e+02
375           	6.150773e+02
376           	6.152342e+02
377           	6.153899e+02
378           	6.155444e+02
379           	6.156979e+02
380           	6.158502e+02
381           	6.160014e+02
382           	6.161515e+02
383           	6.163004e+02
384           	6.164483e+02
385           	6.165951e+02
386           	6.167408e+02
387           	6.168855e+02
388           	6.170291e+02
389           	6.171716e+02
390           	6.173131e+02
391           	6.174536e+02
392           	6.175930e+02
393           	6.177314e+02
394           	6.178688e+02
395           	6.180051e+02
396           	6.181405e+02
397           	6.182749e+02
398           	6.184083e+02
399           	6.185407e+02
400           	6.186721e+02
401           	6.188026e+02
402           	6.189321e+02
403           	6.190607e+02
404           	6.191883e+02
405           	6.193150e+02
406           	6.194408e+02
407           	6.195656e+02
408           	6.196895e+02
409           	6.198125e+02
410           	6.199346e+02
411           	6.200558e+02
412           	6.201761e+02
413           	6.202956e+02
414           	6.204141e+02
415           	6.205318e+02
416           	6.206486e+02
417           	6.207646e+02
418           	6.208797e+02
419           	6.209940e+02
420           	6.211074e+02
421           	6.212200e+02
422           	6.213318e+02
423           	6.214427e+02
424           	6.215528e+02
425           	6.216622e+02
426           	6.217707e+02
427           	6.218784e+02
428           	6.219853e+02
429           	6.220915e+02
430           	6.221968e+02
431           	6.223014e+02
432           	6.224052e+02
433           	6.225083e+02
434           	6.226106e+02
435           	6.227121e+02
436           	6.228129e+02
437           	6.229130e+02
438           	6.230123e+02
439           	6.231109e+02
440           	6.232088e+02
441           	6.233059e+02
442           	6.234024e+02
443           	6.234981e+02
444           	6.235931e+02
445           	6.236874e+02
446           	6.237811e+02
447           	6.238740e+02
448           	6.239663e+02
449           	6.240578e+02
450           	6.241487e+02
451           	6.242390e+02
452           	6.243285e+02
453           	6.244175e+02
454           	6.245057e+02
455           	6.245933e+02
456           	6.246803e+02
457           	6.247666e+02
458           	6.248523e+02
459           	6.249374e+02
460           	6.250218e+02
461           	6.251056e+02
462           	6.251888e+02
463           	6.252714e+02
464           	6.253534e+02
465           	6.254347e+02
466           	6.255155e+02
467           	6.255957e+02
468           	6.256753e+02
469           	6.257543e+02
470           	6.258327e+02
471           	6.259106e+02
472           	6.259878e+02
473           	6.260645e+02
474           	6.261407e+02
475           	6.262163e+02
476           	6.262913e+02
477           	6.263658e+02
478           	6.264397e+02
479           	6.265131e+02
480           	6.265859e+02
481           	6.266582e+02
482           	6.267300e+02
483           	6.268012e+02
484           	6.268719e+02
485           	6.269421e+02
486           	6.270118e+02
487           	6.270810e+02
488           	6.271497e+02
489           	6.272178e+02
490           	6.272855e+02
491           	6.273526e+02
492           	6.274193e+02
493           	6.274854e+02
494           	6.275511e+02
495           	6.276163e+02
496           	6.276810e+02
497           	6.277453e+02
498           	6.278091e+02
499           	6.278724e+02
500           	6.279352e+02
501           	6.279976e+02
502           	6.280595e+02
503           	6.281209e+02
504           	6.281819e+02
505           	6.282425e+02
506           	6.283026e+02
507           	6.283623e+02
508           	6.284215e+02
509           	6.284803e+02
510           	6.285387e+02
511           	6.285966e+02
512           	6.286541e+02
513           	6.287112e+02
514           	6.287678e+02
515           	6.288241e+02
516           	6.288799e+02
517           	6.289353e+02
518           	6.289903e+02
519           	6.290449e+02
520           	6.290991e+02
521           	6.291529e+02
522           	6.292063e+02
523           	6.292593e+02
524           	6.293119e+02
525           	6.293642e+02
526           	6.294160e+02
527           	6.294675e+02
528           	6.295186e+02
529           	6.295693e+02
530           	6.296196e+02
531           	6.296696e+02
532           	6.297192e+02
533           	6.297684e+02
534           	6.298173e+02
535           	6.298658e+02
536           	6.299139e+02
537           	6.299617e+02
538           	6.300091e+02
539           	6.300562e+02
540           	6.301030e+02
541           	6.301494e+02
542           	6.301954e+02
543           	6.302412e+02
544           	6.302866e+02
545           	6.303316e+02
546           	6.303763e+02
547           	6.304207e+02
548           	6.304648e+02
549           	6.305085e+02
550           	6.305519e+02
551           	6.305950e+02
552           	6.306378e+02
553           	6.306803e+02
554           	6.307224e+02
555           	6.307642e+02
556           	6.308058e+02
557           	6.308470e+02
558           	6.308879e+02
559           	6.309285e+02
560           	6.309688e+02
561           	6.310089e+02
562           	6.310486e+02
563           	6.310880e+02
564           	6.311272e+02
565           	6.311660e+02
566           	6.312046e+02
567           	6.312429e+02
568           	6.312809e+02
569           	6.313186e+02
570           	6.313560e+02
571           	6.313932e+02
572           	6.314301e+02
573           	6.314667e+02
574           	6.315031e+02
575           	6.315392e+02
576           	6.315750e+02
577           	6.316105e+02
578           	6.316458e+02
579           	6.316809e+02
580           	6.317156e+02
581           	6.317501e+02
582           	6.317844e+02
583           	6.318184e+02
584           	6.318522e+02
585           	6.318857e+02
586           	6.319189e+02
587           	6.319520e+02
588           	6.319847e+02
589           	6.320173e+02
590           	6.320496e+02
591           	6.320816e+02
592           	6.321134e+02
593           	6.321450e+02
594           	6.321764e+02
595           	6.322075e+02
596           	6.322384e+02
597           	6.322690e+02
598           	6.322995e+02
599           	6.323297e+02
600           	6.323597e+02
601           	6.323894e+02
602           	6.324190e+02
603           	6.324483e+02
604           	6.324774e+02
605           	6.325063e+02
606           	6.325350e+02
607           	6.325635e+02
608           	6.325917e+02
609           	6.326198e+02
610           	6.326477e+02
611           	6.326753e+02
612           	6.327027e+02
613           	6.327300e+02
614           	6.327570e+02
615           	6.327838e+02
616           	6.328105e+02
617           	6.328369e+02
618           	6.328632e+02
619           	6.328892e+02
620           	6.329151e+02
621           	6.329408e+02
622           	6.329662e+02
623           	6.329915e+02
624           	6.330166e+02
625           	6.330416e+02
626           	6.330663e+02
627           	6.330909e+02
628           	6.331152e+02
629           	6.331394e+02
630           	6.331634e+02
631           	6.331873e+02
632           	6.332109e+02
633           	6.332344e+02
634           	6.332577e+02
635           	6.332809e+02
636           	6.333039e+02
637           	6.333267e+02
638           	6.333493e+02
639           	6.333718e+02
640           	6.333941e+02
641           	6.334162e+02
642           	6.334382e+02
643           	6.334600e+02
644           	6.334816e+02
645           	6.335031e+02
646           	6.335245e+02
647           	6.335456e+02
648           	6.335666e+02
649           	6.335875e+02
650           	6.336082e+02
651           	6.336288e+02
652           	6.336492e+02
653           	6.336694e+02
654           	6.336895e+02
655           	6.337095e+02
656           	6.337293e+02
657           	6.337490e+02
658           	6.337685e+02
659           	6.337879e+02
660           	6.338071e+02
661           	6.338262e+02
662           	6.338451e+02
663           	6.338639e+02
664           	6.338826e+02
665           	6.339011e+02
666           	6.339195e+02
667           	6.339378e+02
668           	6.339559e+02
669           	6.339739e+02
670           	6.339918e+02
671           	6.340095e+02
672           	6.340271e+02
673           	6.340445e+02
674           	6.340619e+02
675           	6.340791e+02
676           	6.340962e+02
677           	6.341131e+02
678           	6.341300e+02
679           	6.341467e+02
680           	6.341633e+02
681           	6.341797e+02
682           	6.341961e+02
683           	6.342123e+02
684           	6.342284e+02
685           	6.342443e+02
686           	6.342602e+02
687           	6.342760e+02
688           	6.342916e+02
689           	6.343071e+02
690           	6.343225e+02
691           	6.343378e+02
692           	6.343530e+02
693           	6.343680e+02
694           	6.343830e+02
695           	6.343978e+02
696           	6.344125e+02
697           	6.344272e+02
698           	6.344417e+02
699           	6.344561e+02
700           	6.344704e+02
701           	6.344846e+02
702           	6.344987e+02
703           	6.345126e+02
704           	6.345265e+02
705           	6.345403e+02
706           	6.345540e+02
707           	6.345676e+02
708           	6.345810e+02
709           	6.345944e+02
710           	6.346077e+02
711           	6.346209e+02
712           	6.346340e+02
713           	6.346470e+02
714           	6.346598e+02
715           	6.346726e+02
716           	6.346853e+02
717           	6.346980e+02
718           	6.347105e+02
719           	6.347229e+02
720           	6.347352e+02
721           	6.347475e+02
722           	6.347596e+02
723           	6.347717e+02
724           	6.347836e+02
725           	6.347955e+02
726           	6.348073e+02
727           	6.348190e+02
728           	6.348306e+02
729           	6.348422e+02
730           	6.348536e+02
731           	6.348650e+02
732           	6.348763e+02
733           	6.348875e+02
734           	6.348986e+02
735           	6.349096e+02
736           	6.349206e+02
737           	6.349315e+02
738           	6.349423e+02
739           	6.349530e+02
740           	6.349636e+02
741           	6.349742e+02
742           	6.349846e+02
743           	6.349950e+02
744           	6.350054e+02
745           	6.350156e+02
746           	6.350258e+02
747           	6.350359e+02
748           	6.350459e+02
749           	6.350558e+02
750           	6.350657e+02
751           	6.350755e+02
752           	6.350852e+02
753           	6.350949e+02
754           	6.351045e+02
755           	6.351140e+02
756           	6.351234e+02
757           	6.351328e+02
758           	6.351421e+02
759           	6.351514e+02
760           	6.351605e+02
761           	6.351696e+02
762           	6.351787e+02
763           	6.351876e+02
764           	6.351965e+02
765           	6.352054e+02
766           	6.352141e+02
767           	6.352228e+02
768           	6.352315e+02
769           	6.352401e+02
770           	6.352486e+02
771           	6.352570e+02
772           	6.352654e+02
773           	6.352737e+02
774           	6.352820e+02
775           	6.352902e+02
776           	6.352984e+02
777           	6.353064e+02
778           	6.353145e+02
779           	6.353224e+02
780           	6.353303e+02
781           	6.353382e+02
782           	6.353460e+02
783           	6.353537e+02
784           	6.353614e+02
785           	6.353690e+02
786           	6.353766e+02
787           	6.353841e+02
788           	6.353915e+02
789           	6.353989e+02
790           	6.354063e+02
791           	6.354135e+02
792           	6.354208e+02
793           	6.354280e+02
794           	6.354351e+02
795           	6.354422e+02
796           	6.354492e+02
797           	6.354562e+02
798           	6.354631e+02
799           	6.354699e+02
800           	6.354768e+02
801           	6.354835e+02
802           	6.354902e+02
803           	6.354969e+02
804           	6.355035e+02
805           	6.355101e+02
806           	6.355166e+02
807           	6.355231e+02
808           	6.355295e+02
809           	6.355359e+02
810           	6.355422e+02
811           	6.355485e+02
812           	6.355547e+02
813           	6.355609e+02
814           	6.355671e+02
815           	6.355732e+02
816           	6.355792e+02
817           	6.355852e+02
818           	6.355912e+02
819           	6.355971e+02
820           	6.356030e+02
821           	6.356088e+02
822           	6.356146e+02
823           	6.356204e+02
824           	6.356261e+02
825           	6.356318e+02
826           	6.356374e+02
827           	6.356430e+02
828           	6.356485e+02
829           	6.356540e+02
830           	6.356595e+02
831           	6.356649e+02
832           	6.356703e+02
833           	6.356756e+02
834           	6.356809e+02
835           	6.356861e+02
836           	6.356914e+02
837           	6.356966e+02
838           	6.357017e+02
839           	6.357068e+02
840           	6.357119e+02
841           	6.357169e+02
842           	6.357219e+02
843           	6.357269e+02
844           	6.357318e+02
845           	6.357367e+02
846           	6.357415e+02
847           	6.357463e+02
848           	6.357511e+02
849           	6.357558e+02
850           	6.357605e+02
851           	6.357652e+02
852           	6.357699e+02
853           	6.357745e+02
854           	6.357790e+02
855           	6.357836e+02
856           	6.357881e+02
857           	6.357925e+02
858           	6.357970e+02
859           	6.358014e+02
860           	6.358057e+02
861           	6.358101e+02
862           	6.358144e+02
863           	6.358187e+02
864           	6.358229e+02
865           	6.358271e+02
866           	6.358313e+02
867           	6.358355e+02
868           	6.358396e+02
869           	6.358437e+02
870           	6.358477e+02
871           	6.358517e+02
872           	6.358557e+02
873           	6.358597e+02
874           	6.358637e+02
875           	6.358676e+02
876           	6.358715e+02
877           	6.358753e+02
878           	6.358791e+02
879           	6.358829e+02
880           	6.358867e+02
881           	6.358904e+02
882           	6.358942e+02
883           	6.358978e+02
884           	6.359015e+02
885           	6.359051e+02
886           	6.359087e+02
887           	6.359123e+02
888           	6.359159e+02
889           	6.359194e+02
890           	6.359229e+02
891           	6.359264e+02
892           	6.359298e+02
893           	6.359332e+02
894           	6.359366e+02
895           	6.359400e+02
896           	6.359434e+02
897           	6.359467e+02
898           	6.359500e+02
899           	6.359533e+02
900           	6.359565e+02
901           	6.359597e+02
902           	6.359629e+02
903           	6.359661e+02
904           	6.359693e+02
905           	6.359724e+02
906           	6.359755e+02
907           	6.359786e+02
908           	6.359817e+02
909           	6.359847e+02
910           	6.359877e+02
911           	6.359907e+02
912           	6.359937e+02
913           	6.359967e+02
914           	6.359996e+02
915           	6.360025e+02
916           	6.360054e+02
917           	6.360082e+02
918           	6.360111e+02
919           	6.360139e+02
920           	6.360167e+02
921           	6.360195e+02
922           	6.360223e+02
923           	6.360250e+02
924           	6.360277e+02
925           	6.360304e+02
926           	6.360331e+02
927           	6.360358e+02
928           	6.360384e+02
929           	6.360410e+02
930           	6.360436e+02
931           	6.360462e+02
932           	6.360488e+02
933           	6.360513e+02
934           	6.360539e+02
935           	6.360564e+02
936           	6.360589e+02
937           	6.360613e+02
938           	6.360638e+02
939           	6.360662e+02
940           	6.360687e+02
941           	6.360711e+02
942           	6.360734e+02
943           	6.360758e+02
944           	6.360782e+02
945           	6.360805e+02
946           	6.360828e+02
947           	6.360851e+02
948           	6.360874e+02
949           	6.360896e+02
950           	6.360919e+02
951           	6.360941e+02
952           	6.360963e+02
953           	6.360985e+02
954           	6.361007e+02
955           	6.361029e+02
956           	6.361050e+02
957           	6.361071e+02
958           	6.361093e+02
959           	6.361114e+02
960           	6.361135e+02
961           	6.361155e+02
962           	6.361176e+02
963           	6.361196e+02
964           	6.361216e+02
965           	6.361237e+02
966           	6.361257e+02
967           	6.361276e+02
968           	6.361296e+02
969           	6.361316e+02
970           	6.361335e+02
971           	6.361354e+02
972           	6.361373e+02
973           	6.361392e+02
974           	6.361411e+02
975           	6.361430e+02
976           	6.361448e+02
977           	6.361467e+02
978           	6.361485e+02
979           	6.361503e+02
980           	6.361521e+02
981           	6.361539e+02
982           	6.361557e+02
983           	6.361574e+02
984           	6.361592e+02
985           	6.361609e+02
986           	6.361626e+02
987           	6.361643e+02
988           	6.361660e+02
989           	6.361677e+02
990           	6.361694e+02
991           	6.361710e+02
992           	6.361727e+02
993           	6.361743e+02
994           	6.361760e+02
995           	6.361776e+02
996           	6.361792e+02
997           	6.361808e+02
998           	6.361823e+02
999           	6.361839e+02
1000          	6.361855e+02
1001          	6.361870e+02
1002          	6.361885e+02
1003          	6.361900e+02
1004          	6.361916e+02
1005          	6.361930e+02
1006          	6.361945e+02
1007          	6.361960e+02
1008          	6.361975e+02
1009          	6.361989e+02
1010          	6.362004e+02
1011          	6.362018e+02
1012          	6.362032e+02
1013          	6.362046e+02
1014          	6.362060e+02
1015          	6.362074e+02
1016          	6.362088e+02
1017          	6.362102e+02
1018          	6.362115e+02
1019          	6.362129e+02
1020          	6.362142e+02
1021          	6.362156e+02
1022          	6.362169e+02
1023          	6.362182e+02
1024          	6.362195e+02
1025          	6.362208e+02
1026          	6.362221e+02
1027          	6.362234e+02
1028          	6.362246e+02
1029          	6.362259e+02
1030          	6.362271e+02
1031          	6.362284e+02
1032          	6.362296e+02
1033          	6.362308e+02
1034          	6.362320e+02
1035          	6.362332e+02
1036          	6.362344e+02
1037          	6.362356e+02
1038          	6.362368e+02
1039          	6.362379e+02
1040          	6.362391e+02
1041          	6.362402e+02
1042          	6.362414e+02
1043          	6.362425e+02
1044          	6.362436e+02
1045          	6.362447e+02
1046          	6.362459e+02
1047          	6.362470e+02
1048          	6.362480e+02
1049          	6.362491e+02
1050          	6.362502e+02
1051          	6.362513e+02
1052          	6.362523e+02
1053          	6.362534e+02
1054          	6.362544e+02
1055          	6.362555e+02
1056          	6.362565e+02
1057          	6.362575e+02
1058          	6.362585e+02
1059          	6.362595e+02
1060          	6.362605e+02
1061          	6.362615e+02
1062          	6.362625e+02
1063          	6.362635e+02
1064          	6.362645e+02
1065          	6.362654e+02
1066          	6.362664e+02
1067          	6.362673e+02
1068          	6.362683e+02
1069          	6.362692e+02
1070          	6.362702e+02
1071          	6.362711e+02
1072          	6.362720e+02
1073          	6.362729e+02
1074          	6.362738e+02
1075          	6.362747e+02
1076          	6.362756e+02
1077          	6.362765e+02
1078          	6.362774e+02
1079          	6.362782e+02
1080          	6.362791e+02
1081          	6.362800e+02
1082          	6.362808e+02
1083          	6.362816e+02
1084          	6.362825e+02
1085          	6.362833e+02
1086          	6.362841e+02
1087          	6.362850e+02
1088          	6.362858e+02
1089          	6.362866e+02
1090          	6.362874e+02
1091          	6.362882e+02
1092          	6.362890e+02
1093          	6.362898e+02
1094          	6.362906e+02
1095          	6.362913e+02
1096          	6.362921e+02
1097          	6.362929e+02
1098          	6.362936e+02
1099          	6.362944e+02
1100          	6.362951e+02
1101          	6.362959e+02
1102          	6.362966e+02
1103          	6.362973e+02
1104          	6.362981e+02
1105          	6.362988e+02
1106          	6.362995e+02
1107          	6.363002e+02
1108          	6.363009e+02
1109          	6.363016e+02
1110          	6.363023e+02
1111          	6.363030e+02
1112          	6.363037e+02
1113          	6.363044e+02
1114          	6.363050e+02
1115          	6.363057e+02
1116          	6.363064e+02
1117          	6.363070e+02
1118          	6.363077e+02
1119          	6.363083e+02
1120          	6.363090e+02
1121          	6.363096e+02
1122          	6.363103e+02
1123          	6.363109e+02
1124          	6.363115e+02
1125          	6.363122e+02
1126          	6.363128e+02
1127          	6.363134e+02
1128          	6.363140e+02
1129          	6.363146e+02
1130          	6.363152e+02
1131          	6.363158e+02
1132          	6.363164e+02
1133          	6.363170e+02
1134          	6.363176e+02
1135          	6.363182e+02
1136          	6.363187e+02
1137          	6.363193e+02
1138          	6.363199e+02
1139          	6.363204e+02
1140          	6.363210e+02
1141          	6.363216e+02
1142          	6.363221e+02
1143          	6.363227e+02
1144          	6.363232e+02
1145          	6.363237e+02
1146          	6.363243e+02
1147          	6.363248e+02
1148          	6.363253e+02
1149          	6.363259e+02
1150          	6.363264e+02
1151          	6.363269e+02
1152          	6.363274e+02
1153          	6.363279e+02
1154          	6.363284e+02
1155          	6.363289e+02
1156          	6.363294e+02
1157          	6.363299e+02
1158          	6.363304e+02
1159          	6.363309e+02
1160          	6.363314e+02
1161          	6.363319e+02
1162          	6.363324e+02
1163          	6.363328e+02
1164          	6.363333e+02
1165          	6.363338e+02
1166          	6.363342e+02
1167          	6.363347e+02
1168          	6.363352e+02
1169          	6.363356e+02
1170          	6.363361e+02
1171          	6.363365e+02
1172          	6.363370e+02
1173          	6.363374e+02
1174          	6.363378e+02
1175          	6.363383e+02
1176          	6.363387e+02
1177          	6.363391e+02
1178          	6.363396e+02
1179          	6.363400e+02
1180          	6.363404e+02
1181          	6.363408e+02
1182          	6.363412e+02
1183          	6.363417e+02
1184          	6.363421e+02
1185          	6.363425e+02
1186          	6.363429e+02
1187          	6.363433e+02
1188          	6.363437e+02
1189          	6.363441e+02
1190          	6.363445e+02
1191          	6.363449e+02
1192          	6.363452e+02
1193          	6.363456e+02
1194          	6.363460e+02
1195          	6.363464e+02
1196          	6.363468e+02
1197          	6.363471e+02
1198          	6.363475e+02
1199          	6.363479e+02
1200          	6.363482e+02
1201          	6.363486e+02
1202          	6.363490e+02
1203          	6.363493e+02
1204          	6.363497e+02
1205          	6.363500e+02
1206          	6.363504e+02
1207          	6.363507e+02
1208          	6.363511e+02
1209          	6.363514e+02
1210          	6.363518e+02
1211          	6.363521e+02
1212          	6.363524e+02
1213          	6.363528e+02
1214          	6.363531e+02
1215          	6.363534e+02
1216          	6.363538e+02
1217          	6.363541e+02
1218          	6.363544e+02
1219          	6.363547e+02
1220          	6.363551e+02
1221          	6.363554e+02
1222          	6.363557e+02
1223          	6.363560e+02
1224          	6.363563e+02
1225          	6.363566e+02
1226          	6.363569e+02
1227          	6.363572e+02
1228          	6.363575e+02
1229          	6.363578e+02
1230          	6.363581e+02
1231          	6.363584e+02
1232          	6.363587e+02
1233          	6.363590e+02
1234          	6.363593e+02
1235          	6.363596e+02
1236          	6.363599e+02
1237          	6.363601e+02
1238          	6.363604e+02
1239          	6.363607e+02
1240          	6.363610e+02
1241          	6.363613e+02
1242          	6.363615e+02
1243          	6.363618e+02
1244          	6.363621e+02
1245          	6.363623e+02
1246          	6.363626e+02
1247          	6.363629e+02
1248          	6.363631e+02
1249          	6.363634e+02
1250          	6.363637e+02
1251          	6.363639e+02
1252          	6.363642e+02
1253          	6.363644e+02
1254          	6.363647e+02
1255          	6.363649e+02
1256          	6.363652e+02
1257          	6.363654e+02
1258          	6.363657e+02
1259          	6.363659e+02
1260          	6.363662e+02
1261          	6.363664e+02
1262          	6.363666e+02
1263          	6.363669e+02
1264          	6.363671e+02
1265          	6.363673e+02
1266          	6.363676e+02
1267          	6.363678e+02
1268          	6.363680e+02
1269          	6.363683e+02
1270          	6.363685e+02
1271          	6.363687e+02
1272          	6.363689e+02
1273          	6.363692e+02
1274          	6.363694e+02
1275          	6.363696e+02
1276          	6.363698e+02
1277          	6.363700e+02
1278          	6.363702e+02
1279          	6.363705e+02
1280          	6.363707e+02
1281          	6.363709e+02
1282          	6.363711e+02
1283          	6.363713e+02
1284          	6.363715e+02
1285          	6.363717e+02
1286          	6.363719e+02
1287          	6.363721e+02
1288          	6.363723e+02
1289          	6.363725e+02
1290          	6.363727e+02
1291          	6.363729e+02
1292          	6.363731e+02
1293          	6.363733e+02
1294          	6.363735e+02
1295          	6.363737e+02
1296          	6.363739e+02
1297          	6.363741e+02
1298          	6.363743e+02
1299          	6.363744e+02
1300          	6.363746e+02
1301          	6.363748e+02
1302          	6.363750e+02
1303          	6.363752e+02
1304          	6.363754e+02
1305          	6.363755e+02
1306          	6.363757e+02
1307          	6.363759e+02
1308          	6.363761e+02
1309          	6.363762e+02
1310          	6.363764e+02
1311          	6.363766e+02
1312          	6.363768e+02
1313          	6.363769e+02
1314          	6.363771e+02
1315          	6.363773e+02
1316          	6.363774e+02
1317          	6.363776e+02
1318          	6.363778e+02
1319          	6.363779e+02
1320          	6.363781e+02
1321          	6.363783e+02
1322          	6.363784e+02
1323          	6.363786e+02
1324          	6.363787e+02
1325          	6.363789e+02
1326          	6.363791e+02
1327          	6.363792e+02
1328          	6.363794e+02
1329          	6.363795e+02
1330          	6.363797e+02
1331          	6.363798e+02
1332          	6.363800e+02
1333          	6.363801e+02
1334          	6.363803e+02
1335          	6.363804e+02
1336          	6.363806e+02
1337          	6.363807e+02
1338          	6.363809e+02
1339          	6.363810e+02
1340          	6.363811e+02
1341          	6.363813e+02
1342          	6.363814e+02
1343          	6.363816e+02
1344          	6.363817e+02
1345          	6.363819e+02
1346          	6.363820e+02
1347          	6.363821e+02
1348          	6.363823e+02
1349          	6.363824e+02
1350          	6.363825e+02
1351          	6.363827e+02
1352          	6.363828e+02
1353          	6.363829e+02
1354          	6.363831e+02
1355          	6.363832e+02
1356          	6.363833e+02
1357          	6.363835e+02
1358          	6.363836e+02
1359          	6.363837e+02
1360          	6.363838e+02
1361          	6.363840e+02
1362          	6.363841e+02
1363          	6.363842e+02
1364          	6.363843e+02
1365          	6.363845e+02
1366          	6.363846e+02
1367          	6.363847e+02
1368          	6.363848e+02
1369          	6.363849e+02
1370          	6.363851e+02
1371          	6.363852e+02
1372          	6.363853e+02
1373          	6.363854e+02
1374          	6.363855e+02
1375          	6.363856e+02
1376          	6.363858e+02
1377          	6.363859e+02
1378          	6.363860e+02
1379          	6.363861e+02
1380          	6.363862e+02
1381          	6.363863e+02
1382          	6.363864e+02
1383          	6.363865e+02
1384          	6.363866e+02
1385          	6.363868e+02
1386          	6.363869e+02
1387          	6.363870e+02
1388          	6.363871e+02
1389          	6.363872e+02
1390          	6.363873e+02
1391          	6.363874e+02
1392          	6.363875e+02
1393          	6.363876e+02
1394          	6.363877e+02
1395          	6.363878e+02
1396          	6.363879e+02
1397          	6.363880e+02
1398          	6.363881e+02
1399          	6.363882e+02
1400          	6.363883e+02
1401          	6.363884e+02
1402          	6.363885e+02
1403          	6.363886e+02
1404          	6.363887e+02
1405          	6.363888e+02
1406          	6.363889e+02
1407          	6.363890e+02
1408          	6.363891e+02
1409          	6.363892e+02
1410          	6.363893e+02
1411          	6.363894e+02
1412          	6.363895e+02
1413          	6.363895e+02
1414          	6.363896e+02
1415          	6.363897e+02
1416          	6.363898e+02
1417          	6.363899e+02
1418          	6.363900e+02
1419          	6.363901e+02
1420          	6.363902e+02
1421          	6.363903e+02
1422          	6.363903e+02
1423          	6.363904e+02
1424          	6.363905e+02
1425          	6.363906e+02
1426          	6.363907e+02
1427          	6.363908e+02
1428          	6.363909e+02
1429          	6.363909e+02
1430          	6.363910e+02
1431          	6.363911e+02
1432          	6.363912e+02
1433          	6.363913e+02
1434          	6.363913e+02
1435          	6.363914e+02
1436          	6.363915e+02
1437          	6.363916e+02
1438          	6.363917e+02
1439          	6.363917e+02
1440          	6.363918e+02
1441          	6.363919e+02
1442          	6.363920e+02
1443          	6.363921e+02
1444          	6.363921e+02
1445          	6.363922e+02
1446          	6.363923e+02
1447          	6.363924e+02
1448          	6.363924e+02
1449          	6.363925e+02
1450          	6.363926e+02
1451          	6.363926e+02
1452          	6.363927e+02
1453          	6.363928e+02
1454          	6.363929e+02
1455          	6.363929e+02
1456          	6.363930e+02
1457          	6.363931e+02
1458          	6.363931e+02
1459          	6.363932e+02
1460          	6.363933e+02
1461          	6.363934e+02
1462          	6.363934e+02
1463          	6.363935e+02
1464          	6.363936e+02
1465          	6.363936e+02
1466          	6.363937e+02
1467          	6.363938e+02
1468          	6.363938e+02
1469          	6.363939e+02
1470          	6.363940e+02
1471          	6.363940e+02
1472          	6.363941e+02
1473          	6.363942e+02
1474          	6.363942e+02
1475          	6.363943e+02
1476          	6.363943e+02
1477          	6.363944e+02
1478          	6.363945e+02
1479          	6.363945e+02
1480          	6.363946e+02
1481          	6.363947e+02
1482          	6.363947e+02
1483          	6.363948e+02
1484          	6.363948e+02
1485          	6.363949e+02
1486          	6.363950e+02
1487          	6.363950e+02
1488          	6.363951e+02
1489          	6.363951e+02
1490          	6.363952e+02
1491          	6.363953e+02
1492          	6.363953e+02
1493          	6.363954e+02
1494          	6.363954e+02
1495          	6.363955e+02
1496          	6.363955e+02
1497          	6.363956e+02
1498          	6.363957e+02
1499          	6.363957e+02
1500          	6.363958e+02
1501          	6.363958e+02
1502          	6.363959e+02
1503          	6.363959e+02
1504          	6.363960e+02
1505          	6.363960e+02
1506          	6.363961e+02
1507          	6.363961e+02
1508          	6.363962e+02
1509          	6.363963e+02
1510          	6.363963e+02
1511          	6.363964e+02
1512          	6.363964e+02
1513          	6.363965e+02
1514          	6.363965e+02
1515          	6.363966e+02
1516          	6.363966e+02
1517          	6.363967e+02
1518          	6.363967e+02
1519          	6.363968e+02
1520          	6.363968e+02
1521          	6.363969e+02
1522          	6.363969e+02
1523          	6.363970e+02
1524          	6.363970e+02
1525          	6.363971e+02
1526          	6.363971e+02
1527          	6.363971e+02
1528          	6.363972e+02
1529          	6.363972e+02
1530          	6.363973e+02
1531          	6.363973e+02
1532          	6.363974e+02
1533          	6.363974e+02
1534          	6.363975e+02
1535          	6.363975e+02
1536          	6.363976e+02
1537          	6.363976e+02
1538          	6.363977e+02
1539          	6.363977e+02
1540          	6.363977e+02
1541          	6.363977e+02
1542          	6.363978e+02
1543          	6.363978e+02
1544          	6.363978e+02
1545          	6.363978e+02
1546          	6.363978e+02
1547          	6.363979e+02
1548          	6.363979e+02
1549          	6.363979e+02
1550          	6.363979e+02
1551          	6.363980e+02
1552          	6.363980e+02
1553          	6.363980e+02
1554          	6.363980e+02
1555          	6.363980e+02
1556          	6.363981e+02
1557          	6.363981e+02
1558          	6.363981e+02
1559          	6.363981e+02
1560          	6.363981e+02
1561          	6.363981e+02
1562          	6.363981e+02
1563          	6.363981e+02
1564          	6.363982e+02
1565          	6.363982e+02
1566          	6.363982e+02
1567          	6.363982e+02
1568          	6.363982e+02
1569          	6.363983e+02
1570          	6.363983e+02
1571          	6.363983e+02
1572          	6.363983e+02
1573          	6.363983e+02
1574          	6.363983e+02
1575          	6.363984e+02
1576          	6.363984e+02
1577          	6.363984e+02
1578          	6.363984e+02
1579          	6.363984e+02
1580          	6.363984e+02
1581          	6.363984e+02
1582          	6.363984e+02
1583          	6.363984e+02
1584          	6.363984e+02
1585          	6.363985e+02
1586          	6.363985e+02
1587          	6.363985e+02
1588          	6.363985e+02
1589          	6.363985e+02
1590          	6.363985e+02
1591          	6.363985e+02
1592          	6.363986e+02
1593          	6.363986e+02
1594          	6.363986e+02
1595          	6.363986e+02
1596          	6.363986e+02
1597          	6.363986e+02
1598          	6.363986e+02
1599          	6.363987e+02
1600          	6.363987e+02
1601          	6.363987e+02
1602          	6.363987e+02
1603          	6.363987e+02
1604          	6.363987e+02
1605          	6.363987e+02
1606          	6.363987e+02
1607          	6.363987e+02
1608          	6.363987e+02
1609          	6.363987e+02
1610          	6.363988e+02
1611          	6.363988e+02
1612          	6.363988e+02
1613          	6.363988e+02
1614          	6.363988e+02
1615          	6.363988e+02
1616          	6.363988e+02
1617          	6.363988e+02
1618          	6.363989e+02
1619          	6.363989e+02
1620          	6.363989e+02
1621          	6.363989e+02
1622          	6.363989e+02
1623          	6.363989e+02
1624          	6.363989e+02
1625          	6.363989e+02
1626          	6.363989e+02
1627          	6.363989e+02
1628          	6.363989e+02
1629          	6.363989e+02
1630          	6.363990e+02
1631          	6.363990e+02
1632          	6.363990e+02
1633          	6.363990e+02
1634          	6.363990e+02
1635          	6.363990e+02
1636          	6.363990e+02
1637          	6.363990e+02
1638          	6.363990e+02
1639          	6.363991e+02
1640          	6.363991e+02
1641          	6.363991e+02
1642          	6.363991e+02
1643          	6.363991e+02
1644          	6.363991e+02
1645          	6.363991e+02
1646          	6.363991e+02
1647          	6.363991e+02
1648          	6.363992e+02
1649          	6.363992e+02
1650          	6.363992e+02
1651          	6.363992e+02
1652          	6.363992e+02
1653          	6.363992e+02
1654          	6.363992e+02
1655          	6.363992e+02
1656          	6.363992e+02
1657          	6.363992e+02
1658          	6.363992e+02
1659          	6.363992e+02
1660          	6.363992e+02
1661          	6.363992e+02
1662          	6.363992e+02
1663          	6.363992e+02
1664          	6.363992e+02
1665          	6.363992e+02
1666          	6.363992e+02
1667          	6.363993e+02
1668          	6.363993e+02
1669          	6.363993e+02
1670          	6.363993e+02
1671          	6.363993e+02
1672          	6.363993e+02
1673          	6.363993e+02
1674          	6.363993e+02
1675          	6.363993e+02
1676          	6.363993e+02
1677          	6.363993e+02
1678          	6.363994e+02
1679          	6.363994e+02
1680          	6.363994e+02
1681          	6.363994e+02
1682          	6.363994e+02
1683          	6.363994e+02
1684          	6.363994e+02
1685          	6.363994e+02
1686          	6.363994e+02
1687          	6.363994e+02
1688          	6.363994e+02
1689          	6.363994e+02
1690          	6.363994e+02
1691          	6.363995e+02
1692          	6.363995e+02
1693          	6.363995e+02
1694          	6.363995e+02
1695          	6.363995e+02
1696          	6.363995e+02
1697          	6.363995e+02
1698          	6.363995e+02
1699          	6.363995e+02
1700          	6.363995e+02
1701          	6.363995e+02
1702          	6.363995e+02
1703          	6.363996e+02
1704          	6.363996e+02
1705          	6.363996e+02
1706          	6.363996e+02
1707          	6.363996e+02
1708          	6.363996e+02
1709          	6.363996e+02
1710          	6.363996e+02
1711          	6.363996e+02
1712          	6.363996e+02
1713          	6.363996e+02
1714          	6.363996e+02
1715          	6.363996e+02
1716          	6.363996e+02
1717          	6.363996e+02
1718          	6.363996e+02
1719          	6.363996e+02
1720          	6.363996e+02
1721          	6.363996e+02
1722          	6.363996e+02
1723          	6.363996e+02
1724          	6.363996e+02
1725          	6.363996e+02
1726          	6.363996e+02
1727          	6.363996e+02
1728          	6.363996e+02
1729          	6.363996e+02
1730          	6.363997e+02
1731          	6.363997e+02
1732          	6.363997e+02
1733          	6.363997e+02
1734          	6.363997e+02
1735          	6.363997e+02
1736          	6.363997e+02
1737          	6.363997e+02
1738          	6.363997e+02
1739          	6.363997e+02
1740          	6.363997e+02
1741          	6.363997e+02
1742          	6.363997e+02
1743          	6.363997e+02
1744          	6.363997e+02
1745          	6.363997e+02
1746          	6.363997e+02
1747          	6.363998e+02
1748          	6.363998e+02
1749          	6.363998e+02
1750          	6.363998e+02
1751          	6.363998e+02
1752          	6.363998e+02
1753          	6.363998e+02
1754          	6.363998e+02
1755          	6.363998e+02
1756          	6.363998e+02
1757          	6.363998e+02
1758          	6.363998e+02
1759          	6.363998e+02
1760          	6.363998e+02
1761          	6.363998e+02
1762          	6.363998e+02
1763          	6.363998e+02
1764          	6.363999e+02
1765          	6.363999e+02
1766          	6.363999e+02
1767          	6.363999e+02
1768          	6.363999e+02
1769          	6.363999e+02
1770          	6.363999e+02
1771          	6.363999e+02
1772          	6.363999e+02
1773          	6.363999e+02
1774          	6.363999e+02
1775          	6.363999e+02
1776          	6.363999e+02
1777          	6.363999e+02
1778          	6.363999e+02
1779          	6.363999e+02
1780          	6.363999e+02
1781          	6.363999e+02
1782          	6.363999e+02
1783          	6.363999e+02
1784          	6.363999e+02
1785          	6.364000e+02
1786          	6.364000e+02
1787          	6.364000e+02
1788          	6.364000e+02
1789          	6.364000e+02
1790          	6.364000e+02
1791          	6.364000e+02
1792          	6.364000e+02
1793          	6.364000e+02
1794          	6.364000e+02
1795          	6.364000e+02
1796          	6.364000e+02
1797          	6.364000e+02
1798          	6.364000e+02
1799          	6.364000e+02
1800          	6.364000e+02
1801          	6.364000e+02
1802          	6.364000e+02
1803          	6.364000e+02
1804          	6.364000e+02
1805          	6.364000e+02
1806          	6.364000e+02
1807          	6.364001e+02
1808          	6.364001e+02
1809          	6.364001e+02
1810          	6.364001e+02
1811          	6.364001e+02
1812          	6.364001e+02
1813          	6.364001e+02
1814          	6.364001e+02
1815          	6.364001e+02
1816          	6.364001e+02
1817          	6.364001e+02
1818          	6.364001e+02
1819          	6.364001e+02
1820          	6.364001e+02
1821          	6.364001e+02
1822          	6.364001e+02
1823          	6.364001e+02
1824          	6.364001e+02
1825          	6.364001e+02
1826          	6.364001e+02
1827          	6.364001e+02
1828          	6.364001e+02
1829          	6.364001e+02
1830          	6.364001e+02
1831          	6.364001e+02
1832          	6.364001e+02
1833          	6.364001e+02
1834          	6.364001e+02
1835          	6.364001e+02
1836          	6.364001e+02
1837          	6.364001e+02
1838          	6.364001e+02
1839          	6.364001e+02
1840          	6.364001e+02
1841          	6.364001e+02
1842          	6.364001e+02
1843          	6.364001e+02
1844          	6.364001e+02
1845          	6.364001e+02
1846          	6.364001e+02
1847          	6.364001e+02
1848          	6.364001e+02
1849          	6.364001e+02
1850          	6.364001e+02
1851          	6.364001e+02
1852          	6.364001e+02
1853          	6.364001e+02
1854          	6.364001e+02
1855          	6.364001e+02
1856          	6.364001e+02
1857          	6.364001e+02
1858          	6.364001e+02
1859          	6.364001e+02
1860          	6.364001e+02
1861          	6.364002e+02
1862          	6.364002e+02
1863          	6.364002e+02
1864          	6.364002e+02
1865          	6.364002e+02
1866          	6.364002e+02
1867          	6.364002e+02
1868          	6.364002e+02
1869          	6.364002e+02
1870          	6.364002e+02
1871          	6.364002e+02
1872          	6.364002e+02
1873          	6.364002e+02
1874          	6.364002e+02
1875          	6.364002e+02
1876          	6.364002e+02
1877          	6.364002e+02
1878          	6.364002e+02
1879          	6.364002e+02
1880          	6.364002e+02
1881          	6.364002e+02
1882          	6.364002e+02
1883          	6.364002e+02
1884          	6.364002e+02
1885          	6.364002e+02
1886          	6.364002e+02
1887          	6.364002e+02
1888          	6.364002e+02
1889          	6.364002e+02
1890          	6.364002e+02
1891          	6.364002e+02
1892          	6.364002e+02
1893          	6.364002e+02
1894          	6.364002e+02
1895          	6.364002e+02
1896          	6.364002e+02
1897          	6.364002e+02
1898          	6.364002e+02
1899          	6.364003e+02
1900          	6.364003e+02
1901          	6.364003e+02
1902          	6.364003e+02
1903          	6.364003e+02
1904          	6.364003e+02
1905          	6.364003e+02
1906          	6.364003e+02
1907          	6.364003e+02
1908          	6.364003e+02
1909          	6.364003e+02
1910          	6.364003e+02
1911          	6.364003e+02
1912          	6.364003e+02
1913          	6.364003e+02
1914          	6.364003e+02
1915          	6.364003e+02
1916          	6.364003e+02
1917          	6.364003e+02
1918          	6.364003e+02
1919          	6.364003e+02
1920          	6.364003e+02
1921          	6.364003e+02
1922          	6.364003e+02
1923          	6.364003e+02
1924          	6.364003e+02
1925          	6.364003e+02
1926          	6.364003e+02
1927          	6.364003e+02
1928          	6.364003e+02
1929          	6.364003e+02
1930          	6.364003e+02
1931          	6.364003e+02
1932          	6.364003e+02
1933          	6.364003e+02
1934          	6.364003e+02
1935          	6.364003e+02
1936          	6.364003e+02
1937          	6.364003e+02
1938          	6.364003e+02
1939          	6.364003e+02
1940          	6.364003e+02
1941          	6.364003e+02
1942          	6.364003e+02
1943          	6.364003e+02
1944          	6.364003e+02
1945          	6.364003e+02
1946          	6.364003e+02
1947          	6.364003e+02
1948          	6.364003e+02
1949          	6.364003e+02
1950          	6.364003e+02
1951          	6.364003e+02
1952          	6.364003e+02
1953          	6.364003e+02
1954          	6.364003e+02
1955          	6.364003e+02
1956          	6.364003e+02
1957          	6.364003e+02
1958          	6.364003e+02
1959          	6.364004e+02
1960          	6.364004e+02
1961          	6.364004e+02
1962          	6.364004e+02
1963          	6.364004e+02
1964          	6.364004e+02
1965          	6.364004e+02
1966          	6.364004e+02
1967          	6.364004e+02
1968          	6.364004e+02
1969          	6.364004e+02
1970          	6.364004e+02
1971          	6.364004e+02
1972          	6.364004e+02
1973          	6.364004e+02
1974          	6.364004e+02
1975          	6.364004e+02
1976          	6.364004e+02
1977          	6.364004e+02
1978          	6.364004e+02
1979          	6.364004e+02
1980          	6.364004e+02
1981          	6.364004e+02
1982          	6.364004e+02
1983          	6.364004e+02
1984          	6.364004e+02
1985          	6.364004e+02
1986          	6.364004e+02
1987          	6.364004e+02
1988          	6.364004e+02
1989          	6.364004e+02
1990          	6.364004e+02
1991          	6.364004e+02
1992          	6.364004e+02
1993          	6.364004e+02
1994          	6.364004e+02
1995          	6.364004e+02
1996          	6.364004e+02
1997          	6.364004e+02
1998          	6.364004e+02
1999          	6.364004e+02
2000          	6.364004e+02
