# Region      : all 
# Cells       : 602
# Volume      : 1.000000e-06
# Time        	volAverage(T)
0             	2.969000e+02
1             	3.085814e+02
2             	3.110116e+02
3             	3.135245e+02
4             	3.159116e+02
5             	3.182311e+02
6             	3.205011e+02
7             	3.227336e+02
8             	3.249360e+02
9             	3.271126e+02
10            	3.292666e+02
11            	3.313999e+02
12            	3.335140e+02
13            	3.356097e+02
14            	3.376878e+02
15            	3.397487e+02
16            	3.417928e+02
17            	3.438206e+02
18            	3.458322e+02
19            	3.478281e+02
20            	3.498085e+02
21            	3.517736e+02
22            	3.537235e+02
23            	3.556585e+02
24            	3.575786e+02
25            	3.594840e+02
26            	3.613748e+02
27            	3.632513e+02
28            	3.651137e+02
29            	3.669620e+02
30            	3.687960e+02
31            	3.706152e+02
32            	3.724189e+02
33            	3.742063e+02
34            	3.759767e+02
35            	3.777296e+02
36            	3.794650e+02
37            	3.811829e+02
38            	3.828830e+02
39            	3.845654e+02
40            	3.862300e+02
41            	3.878770e+02
42            	3.895064e+02
43            	3.911184e+02
44            	3.927131e+02
45            	3.942905e+02
46            	3.958507e+02
47            	3.973937e+02
48            	3.989198e+02
49            	4.004292e+02
50            	4.019221e+02
51            	4.033987e+02
52            	4.048591e+02
53            	4.063036e+02
54            	4.077324e+02
55            	4.091455e+02
56            	4.105432e+02
57            	4.119257e+02
58            	4.132930e+02
59            	4.146455e+02
60            	4.159832e+02
61            	4.173064e+02
62            	4.186152e+02
63            	4.199097e+02
64            	4.211903e+02
65            	4.224569e+02
66            	4.237098e+02
67            	4.249491e+02
68            	4.261751e+02
69            	4.273877e+02
70            	4.285872e+02
71            	4.297736e+02
72            	4.309472e+02
73            	4.321082e+02
74            	4.332564e+02
75            	4.343921e+02
76            	4.355155e+02
77            	4.366265e+02
78            	4.377255e+02
79            	4.388124e+02
80            	4.398873e+02
81            	4.409503e+02
82            	4.420017e+02
83            	4.430416e+02
84            	4.440700e+02
85            	4.450872e+02
86            	4.460932e+02
87            	4.470882e+02
88            	4.480724e+02
89            	4.490457e+02
90            	4.500085e+02
91            	4.509607e+02
92            	4.519026e+02
93            	4.528342e+02
94            	4.537556e+02
95            	4.546670e+02
96            	4.555685e+02
97            	4.564601e+02
98            	4.573419e+02
99            	4.582141e+02
100           	4.590767e+02
101           	4.599298e+02
102           	4.607735e+02
103           	4.616079e+02
104           	4.624330e+02
105           	4.632490e+02
106           	4.640559e+02
107           	4.648539e+02
108           	4.656431e+02
109           	4.664235e+02
110           	4.671953e+02
111           	4.679586e+02
112           	4.687133e+02
113           	4.694596e+02
114           	4.701976e+02
115           	4.709273e+02
116           	4.716489e+02
117           	4.723625e+02
118           	4.730680e+02
119           	4.737657e+02
120           	4.744555e+02
121           	4.751375e+02
122           	4.758119e+02
123           	4.764787e+02
124           	4.771380e+02
125           	4.777899e+02
126           	4.784345e+02
127           	4.790718e+02
128           	4.797020e+02
129           	4.803251e+02
130           	4.809411e+02
131           	4.815502e+02
132           	4.821524e+02
133           	4.827477e+02
134           	4.833363e+02
135           	4.839183e+02
136           	4.844936e+02
137           	4.850623e+02
138           	4.856246e+02
139           	4.861804e+02
140           	4.867299e+02
141           	4.872731e+02
142           	4.878101e+02
143           	4.883408e+02
144           	4.888654e+02
145           	4.893840e+02
146           	4.898964e+02
147           	4.904029e+02
148           	4.909035e+02
149           	4.913981e+02
150           	4.918868e+02
151           	4.923698e+02
152           	4.928470e+02
153           	4.933185e+02
154           	4.937845e+02
155           	4.942448e+02
156           	4.946997e+02
157           	4.951491e+02
158           	4.955931e+02
159           	4.960317e+02
160           	4.964651e+02
161           	4.968932e+02
162           	4.973162e+02
163           	4.977341e+02
164           	4.981470e+02
165           	4.985549e+02
166           	4.989579e+02
167           	4.993560e+02
168           	4.997494e+02
169           	5.001380e+02
170           	5.005221e+02
171           	5.009015e+02
172           	5.012765e+02
173           	5.016470e+02
174           	5.020130e+02
175           	5.023747e+02
176           	5.027320e+02
177           	5.030850e+02
178           	5.034338e+02
179           	5.037783e+02
180           	5.041187e+02
181           	5.044550e+02
182           	5.047872e+02
183           	5.051154e+02
184           	5.054397e+02
185           	5.057600e+02
186           	5.060765e+02
187           	5.063892e+02
188           	5.066980e+02
189           	5.070031e+02
190           	5.073044e+02
191           	5.076021e+02
192           	5.078961e+02
193           	5.081865e+02
194           	5.084734e+02
195           	5.087568e+02
196           	5.090368e+02
197           	5.093135e+02
198           	5.095868e+02
199           	5.098569e+02
200           	5.101238e+02
201           	5.103876e+02
202           	5.106482e+02
203           	5.109058e+02
204           	5.111604e+02
205           	5.114120e+02
206           	5.116605e+02
207           	5.119062e+02
208           	5.121489e+02
209           	5.123888e+02
210           	5.126259e+02
211           	5.128602e+02
212           	5.130919e+02
213           	5.133208e+02
214           	5.135470e+02
215           	5.137706e+02
216           	5.139916e+02
217           	5.142099e+02
218           	5.144256e+02
219           	5.146387e+02
220           	5.148494e+02
221           	5.150575e+02
222           	5.152633e+02
223           	5.154666e+02
224           	5.156675e+02
225           	5.158661e+02
226           	5.160623e+02
227           	5.162562e+02
228           	5.164478e+02
229           	5.166370e+02
230           	5.168240e+02
231           	5.170087e+02
232           	5.171911e+02
233           	5.173714e+02
234           	5.175494e+02
235           	5.177252e+02
236           	5.178989e+02
237           	5.180704e+02
238           	5.182397e+02
239           	5.184070e+02
240           	5.185721e+02
241           	5.187352e+02
242           	5.188963e+02
243           	5.190553e+02
244           	5.192124e+02
245           	5.193674e+02
246           	5.195205e+02
247           	5.196717e+02
248           	5.198209e+02
249           	5.199682e+02
250           	5.201137e+02
251           	5.202573e+02
252           	5.203992e+02
253           	5.205393e+02
254           	5.206776e+02
255           	5.208142e+02
256           	5.209491e+02
257           	5.210823e+02
258           	5.212137e+02
259           	5.213435e+02
260           	5.214717e+02
261           	5.215983e+02
262           	5.217233e+02
263           	5.218468e+02
264           	5.219687e+02
265           	5.220892e+02
266           	5.222082e+02
267           	5.223257e+02
268           	5.224418e+02
269           	5.225565e+02
270           	5.226698e+02
271           	5.227818e+02
272           	5.228925e+02
273           	5.230018e+02
274           	5.231099e+02
275           	5.232167e+02
276           	5.233223e+02
277           	5.234268e+02
278           	5.235300e+02
279           	5.236321e+02
280           	5.237330e+02
281           	5.238328e+02
282           	5.239315e+02
283           	5.240292e+02
284           	5.241258e+02
285           	5.242213e+02
286           	5.243157e+02
287           	5.244091e+02
288           	5.245014e+02
289           	5.245927e+02
290           	5.246830e+02
291           	5.247723e+02
292           	5.248606e+02
293           	5.249479e+02
294           	5.250343e+02
295           	5.251198e+02
296           	5.252043e+02
297           	5.252879e+02
298           	5.253706e+02
299           	5.254524e+02
300           	5.255333e+02
301           	5.256133e+02
302           	5.256924e+02
303           	5.257705e+02
304           	5.258478e+02
305           	5.259242e+02
306           	5.259998e+02
307           	5.260746e+02
308           	5.261486e+02
309           	5.262218e+02
310           	5.262943e+02
311           	5.263661e+02
312           	5.264371e+02
313           	5.265073e+02
314           	5.265769e+02
315           	5.266457e+02
316           	5.267139e+02
317           	5.267813e+02
318           	5.268479e+02
319           	5.269139e+02
320           	5.269791e+02
321           	5.270436e+02
322           	5.271074e+02
323           	5.271705e+02
324           	5.272329e+02
325           	5.272947e+02
326           	5.273558e+02
327           	5.274163e+02
328           	5.274761e+02
329           	5.275354e+02
330           	5.275940e+02
331           	5.276521e+02
332           	5.277096e+02
333           	5.277665e+02
334           	5.278229e+02
335           	5.278787e+02
336           	5.279339e+02
337           	5.279885e+02
338           	5.280426e+02
339           	5.280961e+02
340           	5.281491e+02
341           	5.282015e+02
342           	5.282534e+02
343           	5.283048e+02
344           	5.283556e+02
345           	5.284059e+02
346           	5.284557e+02
347           	5.285050e+02
348           	5.285538e+02
349           	5.286022e+02
350           	5.286500e+02
351           	5.286974e+02
352           	5.287444e+02
353           	5.287909e+02
354           	5.288370e+02
355           	5.288826e+02
356           	5.289278e+02
357           	5.289726e+02
358           	5.290169e+02
359           	5.290608e+02
360           	5.291043e+02
361           	5.291474e+02
362           	5.291900e+02
363           	5.292322e+02
364           	5.292740e+02
365           	5.293154e+02
366           	5.293564e+02
367           	5.293970e+02
368           	5.294373e+02
369           	5.294771e+02
370           	5.295166e+02
371           	5.295557e+02
372           	5.295944e+02
373           	5.296328e+02
374           	5.296709e+02
375           	5.297086e+02
376           	5.297461e+02
377           	5.297832e+02
378           	5.298200e+02
379           	5.298566e+02
380           	5.298928e+02
381           	5.299288e+02
382           	5.299645e+02
383           	5.299999e+02
384           	5.300350e+02
385           	5.300698e+02
386           	5.301044e+02
387           	5.301387e+02
388           	5.301728e+02
389           	5.302066e+02
390           	5.302402e+02
391           	5.302735e+02
392           	5.303066e+02
393           	5.303394e+02
394           	5.303720e+02
395           	5.304043e+02
396           	5.304364e+02
397           	5.304682e+02
398           	5.304998e+02
399           	5.305311e+02
400           	5.305622e+02
401           	5.305930e+02
402           	5.306236e+02
403           	5.306539e+02
404           	5.306840e+02
405           	5.307138e+02
406           	5.307433e+02
407           	5.307726e+02
408           	5.308017e+02
409           	5.308305e+02
410           	5.308590e+02
411           	5.308873e+02
412           	5.309154e+02
413           	5.309432e+02
414           	5.309708e+02
415           	5.309981e+02
416           	5.310253e+02
417           	5.310522e+02
418           	5.310789e+02
419           	5.311053e+02
420           	5.311316e+02
421           	5.311576e+02
422           	5.311835e+02
423           	5.312091e+02
424           	5.312344e+02
425           	5.312596e+02
426           	5.312845e+02
427           	5.313092e+02
428           	5.313337e+02
429           	5.313580e+02
430           	5.313820e+02
431           	5.314058e+02
432           	5.314294e+02
433           	5.314527e+02
434           	5.314759e+02
435           	5.314988e+02
436           	5.315215e+02
437           	5.315440e+02
438           	5.315663e+02
439           	5.315883e+02
440           	5.316102e+02
441           	5.316318e+02
442           	5.316533e+02
443           	5.316745e+02
444           	5.316955e+02
445           	5.317164e+02
446           	5.317370e+02
447           	5.317574e+02
448           	5.317776e+02
449           	5.317976e+02
450           	5.318173e+02
451           	5.318369e+02
452           	5.318563e+02
453           	5.318754e+02
454           	5.318943e+02
455           	5.319130e+02
456           	5.319315e+02
457           	5.319498e+02
458           	5.319679e+02
459           	5.319858e+02
460           	5.320035e+02
461           	5.320210e+02
462           	5.320383e+02
463           	5.320554e+02
464           	5.320723e+02
465           	5.320890e+02
466           	5.321055e+02
467           	5.321217e+02
468           	5.321378e+02
469           	5.321537e+02
470           	5.321694e+02
471           	5.321848e+02
472           	5.322001e+02
473           	5.322152e+02
474           	5.322301e+02
475           	5.322448e+02
476           	5.322593e+02
477           	5.322736e+02
478           	5.322877e+02
479           	5.323016e+02
480           	5.323153e+02
481           	5.323288e+02
482           	5.323421e+02
483           	5.323553e+02
484           	5.323683e+02
485           	5.323810e+02
486           	5.323936e+02
487           	5.324061e+02
488           	5.324183e+02
489           	5.324304e+02
490           	5.324423e+02
491           	5.324540e+02
492           	5.324656e+02
493           	5.324770e+02
494           	5.324882e+02
495           	5.324992e+02
496           	5.325101e+02
497           	5.325209e+02
498           	5.325314e+02
499           	5.325419e+02
500           	5.325521e+02
501           	5.325623e+02
502           	5.325723e+02
503           	5.325821e+02
504           	5.325918e+02
505           	5.326014e+02
506           	5.326108e+02
507           	5.326201e+02
508           	5.326293e+02
509           	5.326383e+02
510           	5.326472e+02
511           	5.326559e+02
512           	5.326645e+02
513           	5.326730e+02
514           	5.326814e+02
515           	5.326896e+02
516           	5.326978e+02
517           	5.327058e+02
518           	5.327137e+02
519           	5.327215e+02
520           	5.327292e+02
521           	5.327367e+02
522           	5.327442e+02
523           	5.327515e+02
524           	5.327587e+02
525           	5.327659e+02
526           	5.327729e+02
527           	5.327799e+02
528           	5.327867e+02
529           	5.327935e+02
530           	5.328002e+02
531           	5.328067e+02
532           	5.328132e+02
533           	5.328196e+02
534           	5.328260e+02
535           	5.328322e+02
536           	5.328384e+02
537           	5.328444e+02
538           	5.328504e+02
539           	5.328564e+02
540           	5.328622e+02
541           	5.328680e+02
542           	5.328737e+02
543           	5.328793e+02
544           	5.328849e+02
545           	5.328904e+02
546           	5.328958e+02
547           	5.329012e+02
548           	5.329065e+02
549           	5.329118e+02
550           	5.329170e+02
551           	5.329221e+02
552           	5.329272e+02
553           	5.329322e+02
554           	5.329371e+02
555           	5.329420e+02
556           	5.329469e+02
557           	5.329517e+02
558           	5.329564e+02
559           	5.329611e+02
560           	5.329658e+02
561           	5.329704e+02
562           	5.329749e+02
563           	5.329794e+02
564           	5.329839e+02
565           	5.329883e+02
566           	5.329927e+02
567           	5.329970e+02
568           	5.330013e+02
569           	5.330055e+02
570           	5.330097e+02
571           	5.330138e+02
572           	5.330179e+02
573           	5.330220e+02
574           	5.330260e+02
575           	5.330300e+02
576           	5.330339e+02
577           	5.330378e+02
578           	5.330417e+02
579           	5.330455e+02
580           	5.330492e+02
581           	5.330530e+02
582           	5.330567e+02
583           	5.330603e+02
584           	5.330639e+02
585           	5.330675e+02
586           	5.330710e+02
587           	5.330745e+02
588           	5.330780e+02
589           	5.330814e+02
590           	5.330848e+02
591           	5.330881e+02
592           	5.330914e+02
593           	5.330946e+02
594           	5.330978e+02
595           	5.331010e+02
596           	5.331041e+02
597           	5.331072e+02
598           	5.331103e+02
599           	5.331133e+02
600           	5.331162e+02
601           	5.331191e+02
602           	5.331220e+02
603           	5.331248e+02
604           	5.331276e+02
605           	5.331303e+02
606           	5.331330e+02
607           	5.331356e+02
608           	5.331382e+02
609           	5.331408e+02
610           	5.331432e+02
611           	5.331457e+02
612           	5.331481e+02
613           	5.331504e+02
614           	5.331527e+02
615           	5.331549e+02
616           	5.331571e+02
617           	5.331593e+02
618           	5.331614e+02
619           	5.331634e+02
620           	5.331654e+02
621           	5.331673e+02
622           	5.331692e+02
623           	5.331710e+02
624           	5.331728e+02
625           	5.331746e+02
626           	5.331763e+02
627           	5.331780e+02
628           	5.331796e+02
629           	5.331812e+02
630           	5.331827e+02
631           	5.331843e+02
632           	5.331857e+02
633           	5.331872e+02
634           	5.331886e+02
635           	5.331899e+02
636           	5.331913e+02
637           	5.331926e+02
638           	5.331938e+02
639           	5.331951e+02
640           	5.331963e+02
641           	5.331974e+02
642           	5.331986e+02
643           	5.331997e+02
644           	5.332008e+02
645           	5.332019e+02
646           	5.332029e+02
647           	5.332039e+02
648           	5.332049e+02
649           	5.332059e+02
650           	5.332069e+02
651           	5.332078e+02
652           	5.332088e+02
653           	5.332097e+02
654           	5.332106e+02
655           	5.332115e+02
656           	5.332124e+02
657           	5.332133e+02
658           	5.332142e+02
659           	5.332150e+02
660           	5.332159e+02
661           	5.332167e+02
662           	5.332176e+02
663           	5.332184e+02
664           	5.332192e+02
665           	5.332201e+02
666           	5.332209e+02
667           	5.332218e+02
668           	5.332226e+02
669           	5.332234e+02
670           	5.332243e+02
671           	5.332251e+02
672           	5.332260e+02
673           	5.332269e+02
674           	5.332277e+02
675           	5.332286e+02
676           	5.332295e+02
677           	5.332304e+02
678           	5.332313e+02
679           	5.332322e+02
680           	5.332331e+02
681           	5.332340e+02
682           	5.332349e+02
683           	5.332358e+02
684           	5.332368e+02
685           	5.332378e+02
686           	5.332387e+02
687           	5.332397e+02
688           	5.332407e+02
689           	5.332417e+02
690           	5.332427e+02
691           	5.332437e+02
692           	5.332447e+02
693           	5.332458e+02
694           	5.332468e+02
695           	5.332479e+02
696           	5.332489e+02
697           	5.332500e+02
698           	5.332511e+02
699           	5.332521e+02
700           	5.332532e+02
701           	5.332543e+02
702           	5.332553e+02
703           	5.332564e+02
704           	5.332575e+02
705           	5.332585e+02
706           	5.332596e+02
707           	5.332607e+02
708           	5.332617e+02
709           	5.332628e+02
710           	5.332639e+02
711           	5.332649e+02
712           	5.332660e+02
713           	5.332671e+02
714           	5.332681e+02
715           	5.332692e+02
716           	5.332702e+02
717           	5.332713e+02
718           	5.332723e+02
719           	5.332733e+02
720           	5.332743e+02
721           	5.332754e+02
722           	5.332764e+02
723           	5.332774e+02
724           	5.332783e+02
725           	5.332793e+02
726           	5.332803e+02
727           	5.332812e+02
728           	5.332822e+02
729           	5.332831e+02
730           	5.332840e+02
731           	5.332849e+02
732           	5.332857e+02
733           	5.332866e+02
734           	5.332874e+02
735           	5.332883e+02
736           	5.332891e+02
737           	5.332899e+02
738           	5.332906e+02
739           	5.332914e+02
740           	5.332921e+02
741           	5.332928e+02
742           	5.332935e+02
743           	5.332942e+02
744           	5.332949e+02
745           	5.332955e+02
746           	5.332961e+02
747           	5.332967e+02
748           	5.332973e+02
749           	5.332979e+02
750           	5.332985e+02
751           	5.332990e+02
752           	5.332995e+02
753           	5.333000e+02
754           	5.333005e+02
755           	5.333010e+02
756           	5.333014e+02
757           	5.333019e+02
758           	5.333023e+02
759           	5.333027e+02
760           	5.333031e+02
761           	5.333035e+02
762           	5.333039e+02
763           	5.333042e+02
764           	5.333046e+02
765           	5.333049e+02
766           	5.333052e+02
767           	5.333055e+02
768           	5.333058e+02
769           	5.333060e+02
770           	5.333063e+02
771           	5.333065e+02
772           	5.333068e+02
773           	5.333070e+02
774           	5.333072e+02
775           	5.333073e+02
776           	5.333075e+02
777           	5.333077e+02
778           	5.333078e+02
779           	5.333079e+02
780           	5.333080e+02
781           	5.333081e+02
782           	5.333082e+02
783           	5.333083e+02
784           	5.333084e+02
785           	5.333084e+02
786           	5.333085e+02
787           	5.333085e+02
788           	5.333086e+02
789           	5.333086e+02
790           	5.333086e+02
791           	5.333086e+02
792           	5.333085e+02
793           	5.333085e+02
794           	5.333084e+02
795           	5.333084e+02
796           	5.333083e+02
797           	5.333082e+02
798           	5.333082e+02
799           	5.333081e+02
800           	5.333080e+02
801           	5.333079e+02
802           	5.333078e+02
803           	5.333076e+02
804           	5.333075e+02
805           	5.333074e+02
806           	5.333073e+02
807           	5.333072e+02
808           	5.333071e+02
809           	5.333070e+02
810           	5.333069e+02
811           	5.333068e+02
812           	5.333067e+02
813           	5.333066e+02
814           	5.333065e+02
815           	5.333065e+02
816           	5.333064e+02
817           	5.333063e+02
818           	5.333063e+02
819           	5.333062e+02
820           	5.333062e+02
821           	5.333062e+02
822           	5.333062e+02
823           	5.333062e+02
824           	5.333062e+02
825           	5.333062e+02
826           	5.333062e+02
827           	5.333062e+02
828           	5.333062e+02
829           	5.333063e+02
830           	5.333063e+02
831           	5.333064e+02
832           	5.333064e+02
833           	5.333065e+02
834           	5.333066e+02
835           	5.333066e+02
836           	5.333067e+02
837           	5.333068e+02
838           	5.333069e+02
839           	5.333070e+02
840           	5.333071e+02
841           	5.333073e+02
842           	5.333074e+02
843           	5.333075e+02
844           	5.333076e+02
845           	5.333078e+02
846           	5.333079e+02
847           	5.333081e+02
848           	5.333082e+02
849           	5.333084e+02
850           	5.333086e+02
851           	5.333087e+02
852           	5.333089e+02
853           	5.333091e+02
854           	5.333093e+02
855           	5.333095e+02
856           	5.333097e+02
857           	5.333099e+02
858           	5.333101e+02
859           	5.333104e+02
860           	5.333106e+02
861           	5.333108e+02
862           	5.333111e+02
863           	5.333113e+02
864           	5.333116e+02
865           	5.333119e+02
866           	5.333122e+02
867           	5.333125e+02
868           	5.333128e+02
869           	5.333131e+02
870           	5.333135e+02
871           	5.333138e+02
872           	5.333142e+02
873           	5.333146e+02
874           	5.333149e+02
875           	5.333153e+02
876           	5.333157e+02
877           	5.333162e+02
878           	5.333166e+02
879           	5.333170e+02
880           	5.333175e+02
881           	5.333179e+02
882           	5.333184e+02
883           	5.333189e+02
884           	5.333193e+02
885           	5.333198e+02
886           	5.333203e+02
887           	5.333209e+02
888           	5.333214e+02
889           	5.333219e+02
890           	5.333224e+02
891           	5.333230e+02
892           	5.333235e+02
893           	5.333241e+02
894           	5.333246e+02
895           	5.333252e+02
896           	5.333257e+02
897           	5.333263e+02
898           	5.333269e+02
899           	5.333274e+02
900           	5.333280e+02
901           	5.333285e+02
902           	5.333291e+02
903           	5.333297e+02
904           	5.333302e+02
905           	5.333308e+02
906           	5.333313e+02
907           	5.333318e+02
908           	5.333324e+02
909           	5.333329e+02
910           	5.333334e+02
911           	5.333340e+02
912           	5.333345e+02
913           	5.333350e+02
914           	5.333355e+02
915           	5.333360e+02
916           	5.333365e+02
917           	5.333369e+02
918           	5.333374e+02
919           	5.333379e+02
920           	5.333383e+02
921           	5.333388e+02
922           	5.333392e+02
923           	5.333396e+02
924           	5.333401e+02
925           	5.333405e+02
926           	5.333409e+02
927           	5.333413e+02
928           	5.333417e+02
929           	5.333421e+02
930           	5.333424e+02
931           	5.333428e+02
932           	5.333432e+02
933           	5.333435e+02
934           	5.333439e+02
935           	5.333442e+02
936           	5.333445e+02
937           	5.333448e+02
938           	5.333452e+02
939           	5.333455e+02
940           	5.333458e+02
941           	5.333460e+02
942           	5.333463e+02
943           	5.333466e+02
944           	5.333469e+02
945           	5.333471e+02
946           	5.333474e+02
947           	5.333476e+02
948           	5.333478e+02
949           	5.333481e+02
950           	5.333483e+02
951           	5.333485e+02
952           	5.333487e+02
953           	5.333489e+02
954           	5.333491e+02
955           	5.333493e+02
956           	5.333494e+02
957           	5.333496e+02
958           	5.333498e+02
959           	5.333500e+02
960           	5.333501e+02
961           	5.333503e+02
962           	5.333504e+02
963           	5.333506e+02
964           	5.333507e+02
965           	5.333509e+02
966           	5.333510e+02
967           	5.333511e+02
968           	5.333512e+02
969           	5.333514e+02
970           	5.333515e+02
971           	5.333516e+02
972           	5.333517e+02
973           	5.333518e+02
974           	5.333519e+02
975           	5.333520e+02
976           	5.333521e+02
977           	5.333521e+02
978           	5.333522e+02
979           	5.333523e+02
980           	5.333524e+02
981           	5.333524e+02
982           	5.333525e+02
983           	5.333525e+02
984           	5.333526e+02
985           	5.333526e+02
986           	5.333526e+02
987           	5.333526e+02
988           	5.333526e+02
989           	5.333526e+02
990           	5.333526e+02
991           	5.333526e+02
992           	5.333525e+02
993           	5.333525e+02
994           	5.333524e+02
995           	5.333524e+02
996           	5.333523e+02
997           	5.333522e+02
998           	5.333522e+02
999           	5.333521e+02
1000          	5.333520e+02
1001          	5.333520e+02
1002          	5.333519e+02
1003          	5.333518e+02
1004          	5.333517e+02
1005          	5.333516e+02
1006          	5.333515e+02
1007          	5.333514e+02
1008          	5.333513e+02
1009          	5.333512e+02
1010          	5.333511e+02
1011          	5.333509e+02
1012          	5.333508e+02
1013          	5.333507e+02
1014          	5.333506e+02
1015          	5.333505e+02
1016          	5.333503e+02
1017          	5.333502e+02
1018          	5.333501e+02
1019          	5.333499e+02
1020          	5.333498e+02
1021          	5.333496e+02
1022          	5.333495e+02
1023          	5.333494e+02
1024          	5.333492e+02
1025          	5.333491e+02
1026          	5.333490e+02
1027          	5.333488e+02
1028          	5.333487e+02
1029          	5.333486e+02
1030          	5.333484e+02
1031          	5.333483e+02
1032          	5.333482e+02
1033          	5.333481e+02
1034          	5.333480e+02
1035          	5.333479e+02
1036          	5.333478e+02
1037          	5.333477e+02
1038          	5.333476e+02
1039          	5.333475e+02
1040          	5.333474e+02
1041          	5.333473e+02
1042          	5.333473e+02
1043          	5.333472e+02
1044          	5.333472e+02
1045          	5.333471e+02
1046          	5.333471e+02
1047          	5.333470e+02
1048          	5.333470e+02
1049          	5.333470e+02
1050          	5.333470e+02
1051          	5.333470e+02
1052          	5.333470e+02
1053          	5.333470e+02
1054          	5.333471e+02
1055          	5.333471e+02
1056          	5.333472e+02
1057          	5.333472e+02
1058          	5.333473e+02
1059          	5.333474e+02
1060          	5.333474e+02
1061          	5.333475e+02
1062          	5.333476e+02
1063          	5.333477e+02
1064          	5.333477e+02
1065          	5.333478e+02
1066          	5.333479e+02
1067          	5.333480e+02
1068          	5.333481e+02
1069          	5.333482e+02
1070          	5.333483e+02
1071          	5.333484e+02
1072          	5.333484e+02
1073          	5.333485e+02
1074          	5.333486e+02
1075          	5.333487e+02
1076          	5.333488e+02
1077          	5.333489e+02
1078          	5.333490e+02
1079          	5.333491e+02
1080          	5.333491e+02
1081          	5.333492e+02
1082          	5.333493e+02
1083          	5.333494e+02
1084          	5.333494e+02
1085          	5.333495e+02
1086          	5.333496e+02
1087          	5.333496e+02
1088          	5.333497e+02
1089          	5.333498e+02
1090          	5.333498e+02
1091          	5.333499e+02
1092          	5.333499e+02
1093          	5.333500e+02
1094          	5.333500e+02
1095          	5.333501e+02
1096          	5.333501e+02
1097          	5.333501e+02
1098          	5.333501e+02
1099          	5.333501e+02
1100          	5.333501e+02
1101          	5.333501e+02
1102          	5.333501e+02
1103          	5.333500e+02
1104          	5.333500e+02
1105          	5.333500e+02
1106          	5.333499e+02
1107          	5.333499e+02
1108          	5.333498e+02
1109          	5.333498e+02
1110          	5.333497e+02
1111          	5.333496e+02
1112          	5.333495e+02
1113          	5.333495e+02
1114          	5.333494e+02
1115          	5.333493e+02
1116          	5.333492e+02
1117          	5.333491e+02
1118          	5.333490e+02
1119          	5.333489e+02
1120          	5.333488e+02
1121          	5.333487e+02
1122          	5.333486e+02
1123          	5.333485e+02
1124          	5.333484e+02
1125          	5.333483e+02
1126          	5.333482e+02
1127          	5.333480e+02
1128          	5.333479e+02
1129          	5.333478e+02
1130          	5.333477e+02
1131          	5.333475e+02
1132          	5.333474e+02
1133          	5.333473e+02
1134          	5.333472e+02
1135          	5.333470e+02
1136          	5.333469e+02
1137          	5.333468e+02
1138          	5.333466e+02
1139          	5.333465e+02
1140          	5.333464e+02
1141          	5.333463e+02
1142          	5.333461e+02
1143          	5.333460e+02
1144          	5.333459e+02
1145          	5.333458e+02
1146          	5.333456e+02
1147          	5.333455e+02
1148          	5.333454e+02
1149          	5.333453e+02
1150          	5.333452e+02
1151          	5.333451e+02
1152          	5.333450e+02
1153          	5.333449e+02
1154          	5.333448e+02
1155          	5.333447e+02
1156          	5.333446e+02
1157          	5.333445e+02
1158          	5.333444e+02
1159          	5.333443e+02
1160          	5.333442e+02
1161          	5.333441e+02
1162          	5.333441e+02
1163          	5.333440e+02
1164          	5.333439e+02
1165          	5.333439e+02
1166          	5.333438e+02
1167          	5.333437e+02
1168          	5.333437e+02
1169          	5.333436e+02
1170          	5.333436e+02
1171          	5.333435e+02
1172          	5.333435e+02
1173          	5.333435e+02
1174          	5.333435e+02
1175          	5.333435e+02
1176          	5.333435e+02
1177          	5.333435e+02
1178          	5.333435e+02
1179          	5.333435e+02
1180          	5.333436e+02
1181          	5.333436e+02
1182          	5.333436e+02
1183          	5.333437e+02
1184          	5.333437e+02
1185          	5.333438e+02
1186          	5.333439e+02
1187          	5.333439e+02
1188          	5.333440e+02
1189          	5.333441e+02
1190          	5.333442e+02
1191          	5.333443e+02
1192          	5.333444e+02
1193          	5.333445e+02
1194          	5.333446e+02
1195          	5.333447e+02
1196          	5.333449e+02
1197          	5.333450e+02
1198          	5.333451e+02
1199          	5.333452e+02
1200          	5.333454e+02
1201          	5.333455e+02
1202          	5.333457e+02
1203          	5.333458e+02
1204          	5.333460e+02
1205          	5.333462e+02
1206          	5.333463e+02
1207          	5.333465e+02
1208          	5.333467e+02
1209          	5.333468e+02
1210          	5.333470e+02
1211          	5.333472e+02
1212          	5.333474e+02
1213          	5.333476e+02
1214          	5.333478e+02
1215          	5.333480e+02
1216          	5.333482e+02
1217          	5.333484e+02
1218          	5.333486e+02
1219          	5.333488e+02
1220          	5.333490e+02
1221          	5.333492e+02
1222          	5.333494e+02
1223          	5.333496e+02
1224          	5.333498e+02
1225          	5.333500e+02
1226          	5.333503e+02
1227          	5.333505e+02
1228          	5.333507e+02
1229          	5.333509e+02
1230          	5.333511e+02
1231          	5.333513e+02
1232          	5.333515e+02
1233          	5.333517e+02
1234          	5.333519e+02
1235          	5.333522e+02
1236          	5.333524e+02
1237          	5.333526e+02
1238          	5.333528e+02
1239          	5.333530e+02
1240          	5.333532e+02
1241          	5.333534e+02
1242          	5.333536e+02
1243          	5.333538e+02
1244          	5.333540e+02
1245          	5.333542e+02
1246          	5.333544e+02
1247          	5.333546e+02
1248          	5.333547e+02
1249          	5.333549e+02
1250          	5.333551e+02
1251          	5.333553e+02
1252          	5.333555e+02
1253          	5.333556e+02
1254          	5.333558e+02
1255          	5.333560e+02
1256          	5.333561e+02
1257          	5.333563e+02
1258          	5.333564e+02
1259          	5.333566e+02
1260          	5.333567e+02
1261          	5.333569e+02
1262          	5.333570e+02
1263          	5.333572e+02
1264          	5.333573e+02
1265          	5.333574e+02
1266          	5.333576e+02
1267          	5.333577e+02
1268          	5.333578e+02
1269          	5.333579e+02
1270          	5.333580e+02
1271          	5.333581e+02
1272          	5.333582e+02
1273          	5.333583e+02
1274          	5.333584e+02
1275          	5.333585e+02
1276          	5.333586e+02
1277          	5.333587e+02
1278          	5.333588e+02
1279          	5.333589e+02
1280          	5.333589e+02
1281          	5.333590e+02
1282          	5.333591e+02
1283          	5.333592e+02
1284          	5.333592e+02
1285          	5.333593e+02
1286          	5.333593e+02
1287          	5.333594e+02
1288          	5.333594e+02
1289          	5.333595e+02
1290          	5.333595e+02
1291          	5.333596e+02
1292          	5.333596e+02
1293          	5.333596e+02
1294          	5.333596e+02
1295          	5.333596e+02
1296          	5.333596e+02
1297          	5.333596e+02
1298          	5.333596e+02
1299          	5.333596e+02
1300          	5.333596e+02
1301          	5.333596e+02
1302          	5.333596e+02
1303          	5.333596e+02
1304          	5.333596e+02
1305          	5.333596e+02
1306          	5.333596e+02
1307          	5.333596e+02
1308          	5.333596e+02
1309          	5.333596e+02
1310          	5.333596e+02
1311          	5.333596e+02
1312          	5.333596e+02
1313          	5.333596e+02
1314          	5.333596e+02
1315          	5.333596e+02
1316          	5.333596e+02
1317          	5.333596e+02
1318          	5.333596e+02
1319          	5.333596e+02
1320          	5.333596e+02
1321          	5.333596e+02
1322          	5.333596e+02
1323          	5.333596e+02
1324          	5.333596e+02
1325          	5.333596e+02
1326          	5.333596e+02
1327          	5.333596e+02
1328          	5.333596e+02
1329          	5.333596e+02
1330          	5.333596e+02
1331          	5.333595e+02
1332          	5.333595e+02
1333          	5.333595e+02
1334          	5.333595e+02
1335          	5.333595e+02
1336          	5.333595e+02
1337          	5.333595e+02
1338          	5.333595e+02
1339          	5.333595e+02
1340          	5.333595e+02
1341          	5.333595e+02
1342          	5.333595e+02
1343          	5.333595e+02
1344          	5.333595e+02
1345          	5.333595e+02
1346          	5.333595e+02
1347          	5.333596e+02
1348          	5.333596e+02
1349          	5.333596e+02
1350          	5.333596e+02
1351          	5.333596e+02
1352          	5.333596e+02
1353          	5.333597e+02
1354          	5.333597e+02
1355          	5.333598e+02
1356          	5.333598e+02
1357          	5.333598e+02
1358          	5.333599e+02
1359          	5.333600e+02
1360          	5.333600e+02
1361          	5.333601e+02
1362          	5.333601e+02
1363          	5.333602e+02
1364          	5.333603e+02
1365          	5.333603e+02
1366          	5.333604e+02
1367          	5.333605e+02
1368          	5.333605e+02
1369          	5.333606e+02
1370          	5.333607e+02
1371          	5.333608e+02
1372          	5.333609e+02
1373          	5.333610e+02
1374          	5.333610e+02
1375          	5.333611e+02
1376          	5.333612e+02
1377          	5.333613e+02
1378          	5.333614e+02
1379          	5.333615e+02
1380          	5.333616e+02
1381          	5.333617e+02
1382          	5.333618e+02
1383          	5.333619e+02
1384          	5.333620e+02
1385          	5.333621e+02
1386          	5.333622e+02
1387          	5.333623e+02
1388          	5.333624e+02
1389          	5.333625e+02
1390          	5.333626e+02
1391          	5.333627e+02
1392          	5.333628e+02
1393          	5.333629e+02
1394          	5.333630e+02
1395          	5.333631e+02
1396          	5.333632e+02
1397          	5.333633e+02
1398          	5.333634e+02
1399          	5.333635e+02
1400          	5.333636e+02
1401          	5.333637e+02
1402          	5.333638e+02
1403          	5.333639e+02
1404          	5.333640e+02
1405          	5.333641e+02
1406          	5.333642e+02
1407          	5.333643e+02
1408          	5.333644e+02
1409          	5.333644e+02
1410          	5.333645e+02
1411          	5.333646e+02
1412          	5.333647e+02
1413          	5.333648e+02
1414          	5.333648e+02
1415          	5.333649e+02
1416          	5.333650e+02
1417          	5.333650e+02
1418          	5.333651e+02
1419          	5.333652e+02
1420          	5.333652e+02
1421          	5.333653e+02
1422          	5.333653e+02
1423          	5.333654e+02
1424          	5.333655e+02
1425          	5.333655e+02
1426          	5.333655e+02
1427          	5.333656e+02
1428          	5.333656e+02
1429          	5.333657e+02
1430          	5.333657e+02
1431          	5.333657e+02
1432          	5.333657e+02
1433          	5.333657e+02
1434          	5.333657e+02
1435          	5.333657e+02
1436          	5.333657e+02
1437          	5.333657e+02
1438          	5.333657e+02
1439          	5.333657e+02
1440          	5.333657e+02
1441          	5.333657e+02
1442          	5.333657e+02
1443          	5.333657e+02
1444          	5.333657e+02
1445          	5.333657e+02
1446          	5.333657e+02
1447          	5.333657e+02
1448          	5.333656e+02
1449          	5.333656e+02
1450          	5.333656e+02
1451          	5.333655e+02
1452          	5.333655e+02
1453          	5.333654e+02
1454          	5.333654e+02
1455          	5.333654e+02
1456          	5.333653e+02
1457          	5.333652e+02
1458          	5.333652e+02
1459          	5.333651e+02
1460          	5.333651e+02
1461          	5.333650e+02
1462          	5.333650e+02
1463          	5.333649e+02
1464          	5.333648e+02
1465          	5.333648e+02
1466          	5.333647e+02
1467          	5.333647e+02
1468          	5.333646e+02
1469          	5.333645e+02
1470          	5.333645e+02
1471          	5.333644e+02
1472          	5.333643e+02
1473          	5.333642e+02
1474          	5.333642e+02
1475          	5.333641e+02
1476          	5.333640e+02
1477          	5.333640e+02
1478          	5.333639e+02
1479          	5.333638e+02
1480          	5.333638e+02
1481          	5.333637e+02
1482          	5.333636e+02
1483          	5.333636e+02
1484          	5.333635e+02
1485          	5.333634e+02
1486          	5.333633e+02
1487          	5.333633e+02
1488          	5.333632e+02
1489          	5.333632e+02
1490          	5.333631e+02
1491          	5.333630e+02
1492          	5.333630e+02
1493          	5.333629e+02
1494          	5.333628e+02
1495          	5.333628e+02
1496          	5.333627e+02
1497          	5.333627e+02
1498          	5.333626e+02
1499          	5.333626e+02
1500          	5.333625e+02
1501          	5.333625e+02
1502          	5.333624e+02
1503          	5.333624e+02
1504          	5.333623e+02
1505          	5.333623e+02
1506          	5.333622e+02
1507          	5.333622e+02
1508          	5.333622e+02
1509          	5.333621e+02
1510          	5.333621e+02
1511          	5.333621e+02
1512          	5.333621e+02
1513          	5.333621e+02
1514          	5.333621e+02
1515          	5.333621e+02
1516          	5.333621e+02
1517          	5.333621e+02
1518          	5.333621e+02
1519          	5.333621e+02
1520          	5.333621e+02
1521          	5.333621e+02
1522          	5.333621e+02
1523          	5.333621e+02
1524          	5.333621e+02
1525          	5.333621e+02
1526          	5.333621e+02
1527          	5.333621e+02
1528          	5.333621e+02
1529          	5.333621e+02
1530          	5.333621e+02
1531          	5.333622e+02
1532          	5.333622e+02
1533          	5.333622e+02
1534          	5.333622e+02
1535          	5.333623e+02
1536          	5.333623e+02
1537          	5.333623e+02
1538          	5.333624e+02
1539          	5.333624e+02
1540          	5.333625e+02
1541          	5.333625e+02
1542          	5.333626e+02
1543          	5.333626e+02
1544          	5.333627e+02
1545          	5.333627e+02
1546          	5.333628e+02
1547          	5.333628e+02
1548          	5.333629e+02
1549          	5.333629e+02
1550          	5.333630e+02
1551          	5.333630e+02
1552          	5.333631e+02
1553          	5.333631e+02
1554          	5.333632e+02
1555          	5.333632e+02
1556          	5.333633e+02
1557          	5.333634e+02
1558          	5.333634e+02
1559          	5.333635e+02
1560          	5.333635e+02
1561          	5.333636e+02
1562          	5.333637e+02
1563          	5.333637e+02
1564          	5.333638e+02
1565          	5.333638e+02
1566          	5.333639e+02
1567          	5.333639e+02
1568          	5.333640e+02
1569          	5.333640e+02
1570          	5.333641e+02
1571          	5.333641e+02
1572          	5.333642e+02
1573          	5.333642e+02
1574          	5.333643e+02
1575          	5.333643e+02
1576          	5.333644e+02
1577          	5.333644e+02
1578          	5.333645e+02
1579          	5.333645e+02
1580          	5.333646e+02
1581          	5.333646e+02
1582          	5.333647e+02
1583          	5.333647e+02
1584          	5.333647e+02
1585          	5.333648e+02
1586          	5.333648e+02
1587          	5.333648e+02
1588          	5.333648e+02
1589          	5.333648e+02
1590          	5.333648e+02
1591          	5.333648e+02
1592          	5.333648e+02
1593          	5.333648e+02
1594          	5.333648e+02
1595          	5.333648e+02
1596          	5.333648e+02
1597          	5.333648e+02
1598          	5.333648e+02
1599          	5.333648e+02
1600          	5.333648e+02
1601          	5.333648e+02
1602          	5.333648e+02
1603          	5.333648e+02
1604          	5.333648e+02
1605          	5.333648e+02
1606          	5.333648e+02
1607          	5.333648e+02
1608          	5.333648e+02
1609          	5.333648e+02
1610          	5.333648e+02
1611          	5.333648e+02
1612          	5.333647e+02
1613          	5.333647e+02
1614          	5.333647e+02
1615          	5.333647e+02
1616          	5.333647e+02
1617          	5.333647e+02
1618          	5.333647e+02
1619          	5.333647e+02
1620          	5.333646e+02
1621          	5.333646e+02
1622          	5.333646e+02
1623          	5.333645e+02
1624          	5.333645e+02
1625          	5.333644e+02
1626          	5.333644e+02
1627          	5.333643e+02
1628          	5.333643e+02
1629          	5.333642e+02
1630          	5.333642e+02
1631          	5.333642e+02
1632          	5.333641e+02
1633          	5.333641e+02
1634          	5.333640e+02
1635          	5.333640e+02
1636          	5.333639e+02
1637          	5.333639e+02
1638          	5.333638e+02
1639          	5.333638e+02
1640          	5.333637e+02
1641          	5.333637e+02
1642          	5.333636e+02
1643          	5.333636e+02
1644          	5.333635e+02
1645          	5.333635e+02
1646          	5.333634e+02
1647          	5.333634e+02
1648          	5.333633e+02
1649          	5.333633e+02
1650          	5.333632e+02
1651          	5.333632e+02
1652          	5.333631e+02
1653          	5.333631e+02
1654          	5.333630e+02
1655          	5.333630e+02
1656          	5.333630e+02
1657          	5.333629e+02
1658          	5.333629e+02
1659          	5.333628e+02
1660          	5.333628e+02
1661          	5.333628e+02
1662          	5.333627e+02
1663          	5.333627e+02
1664          	5.333626e+02
1665          	5.333626e+02
1666          	5.333626e+02
1667          	5.333626e+02
1668          	5.333626e+02
1669          	5.333626e+02
1670          	5.333626e+02
1671          	5.333626e+02
1672          	5.333626e+02
1673          	5.333626e+02
1674          	5.333626e+02
1675          	5.333626e+02
1676          	5.333626e+02
1677          	5.333626e+02
1678          	5.333626e+02
1679          	5.333626e+02
1680          	5.333626e+02
1681          	5.333626e+02
1682          	5.333626e+02
1683          	5.333626e+02
1684          	5.333626e+02
1685          	5.333626e+02
1686          	5.333626e+02
1687          	5.333626e+02
1688          	5.333626e+02
1689          	5.333626e+02
1690          	5.333626e+02
1691          	5.333626e+02
1692          	5.333626e+02
1693          	5.333626e+02
1694          	5.333626e+02
1695          	5.333626e+02
1696          	5.333626e+02
1697          	5.333626e+02
1698          	5.333626e+02
1699          	5.333626e+02
1700          	5.333626e+02
1701          	5.333626e+02
1702          	5.333627e+02
1703          	5.333627e+02
1704          	5.333627e+02
1705          	5.333627e+02
1706          	5.333628e+02
1707          	5.333628e+02
1708          	5.333628e+02
1709          	5.333629e+02
1710          	5.333629e+02
1711          	5.333629e+02
1712          	5.333629e+02
1713          	5.333629e+02
1714          	5.333630e+02
1715          	5.333630e+02
1716          	5.333630e+02
1717          	5.333631e+02
1718          	5.333631e+02
1719          	5.333631e+02
1720          	5.333632e+02
1721          	5.333632e+02
1722          	5.333632e+02
1723          	5.333632e+02
1724          	5.333632e+02
1725          	5.333633e+02
1726          	5.333633e+02
1727          	5.333634e+02
1728          	5.333634e+02
1729          	5.333635e+02
1730          	5.333635e+02
1731          	5.333636e+02
1732          	5.333636e+02
1733          	5.333636e+02
1734          	5.333637e+02
1735          	5.333637e+02
1736          	5.333638e+02
1737          	5.333638e+02
1738          	5.333638e+02
1739          	5.333639e+02
1740          	5.333639e+02
1741          	5.333639e+02
1742          	5.333640e+02
1743          	5.333640e+02
1744          	5.333640e+02
1745          	5.333640e+02
1746          	5.333640e+02
1747          	5.333640e+02
1748          	5.333640e+02
1749          	5.333640e+02
1750          	5.333640e+02
1751          	5.333640e+02
1752          	5.333640e+02
1753          	5.333640e+02
1754          	5.333640e+02
1755          	5.333640e+02
1756          	5.333640e+02
1757          	5.333640e+02
1758          	5.333640e+02
1759          	5.333640e+02
1760          	5.333640e+02
1761          	5.333640e+02
1762          	5.333640e+02
1763          	5.333640e+02
1764          	5.333640e+02
1765          	5.333640e+02
1766          	5.333640e+02
1767          	5.333640e+02
1768          	5.333640e+02
1769          	5.333640e+02
1770          	5.333640e+02
1771          	5.333640e+02
1772          	5.333640e+02
1773          	5.333640e+02
1774          	5.333640e+02
1775          	5.333640e+02
1776          	5.333640e+02
1777          	5.333640e+02
1778          	5.333640e+02
1779          	5.333640e+02
1780          	5.333640e+02
1781          	5.333639e+02
1782          	5.333639e+02
1783          	5.333639e+02
1784          	5.333639e+02
1785          	5.333639e+02
1786          	5.333639e+02
1787          	5.333639e+02
1788          	5.333639e+02
1789          	5.333639e+02
1790          	5.333639e+02
1791          	5.333639e+02
1792          	5.333639e+02
1793          	5.333639e+02
1794          	5.333639e+02
1795          	5.333638e+02
1796          	5.333638e+02
1797          	5.333638e+02
1798          	5.333638e+02
1799          	5.333638e+02
1800          	5.333637e+02
1801          	5.333637e+02
1802          	5.333637e+02
1803          	5.333637e+02
1804          	5.333637e+02
1805          	5.333637e+02
1806          	5.333637e+02
1807          	5.333636e+02
1808          	5.333636e+02
1809          	5.333636e+02
1810          	5.333636e+02
1811          	5.333635e+02
1812          	5.333635e+02
1813          	5.333635e+02
1814          	5.333635e+02
1815          	5.333634e+02
1816          	5.333634e+02
1817          	5.333634e+02
1818          	5.333634e+02
1819          	5.333633e+02
1820          	5.333633e+02
1821          	5.333633e+02
1822          	5.333633e+02
1823          	5.333633e+02
1824          	5.333633e+02
1825          	5.333633e+02
1826          	5.333633e+02
1827          	5.333633e+02
1828          	5.333633e+02
1829          	5.333633e+02
1830          	5.333633e+02
1831          	5.333633e+02
1832          	5.333633e+02
1833          	5.333633e+02
1834          	5.333633e+02
1835          	5.333633e+02
1836          	5.333633e+02
1837          	5.333633e+02
1838          	5.333633e+02
1839          	5.333633e+02
1840          	5.333633e+02
1841          	5.333633e+02
1842          	5.333633e+02
1843          	5.333633e+02
1844          	5.333633e+02
1845          	5.333633e+02
1846          	5.333633e+02
1847          	5.333633e+02
1848          	5.333633e+02
1849          	5.333633e+02
1850          	5.333633e+02
1851          	5.333633e+02
1852          	5.333633e+02
1853          	5.333633e+02
1854          	5.333633e+02
1855          	5.333633e+02
1856          	5.333633e+02
1857          	5.333633e+02
1858          	5.333633e+02
1859          	5.333633e+02
1860          	5.333633e+02
1861          	5.333633e+02
1862          	5.333633e+02
1863          	5.333633e+02
1864          	5.333633e+02
1865          	5.333633e+02
1866          	5.333633e+02
1867          	5.333633e+02
1868          	5.333633e+02
1869          	5.333633e+02
1870          	5.333633e+02
1871          	5.333633e+02
1872          	5.333633e+02
1873          	5.333633e+02
1874          	5.333633e+02
1875          	5.333633e+02
1876          	5.333633e+02
1877          	5.333633e+02
1878          	5.333633e+02
1879          	5.333633e+02
1880          	5.333633e+02
1881          	5.333633e+02
1882          	5.333633e+02
1883          	5.333634e+02
1884          	5.333634e+02
1885          	5.333634e+02
1886          	5.333634e+02
1887          	5.333634e+02
1888          	5.333634e+02
1889          	5.333634e+02
1890          	5.333634e+02
1891          	5.333634e+02
1892          	5.333634e+02
1893          	5.333634e+02
1894          	5.333634e+02
1895          	5.333634e+02
1896          	5.333634e+02
1897          	5.333634e+02
1898          	5.333634e+02
1899          	5.333634e+02
1900          	5.333634e+02
1901          	5.333634e+02
1902          	5.333634e+02
1903          	5.333634e+02
1904          	5.333634e+02
1905          	5.333634e+02
1906          	5.333634e+02
1907          	5.333634e+02
1908          	5.333634e+02
1909          	5.333634e+02
1910          	5.333634e+02
1911          	5.333634e+02
1912          	5.333634e+02
1913          	5.333634e+02
1914          	5.333634e+02
1915          	5.333634e+02
1916          	5.333634e+02
1917          	5.333634e+02
1918          	5.333634e+02
1919          	5.333634e+02
1920          	5.333634e+02
1921          	5.333634e+02
1922          	5.333634e+02
1923          	5.333634e+02
1924          	5.333634e+02
1925          	5.333634e+02
1926          	5.333634e+02
1927          	5.333634e+02
1928          	5.333634e+02
1929          	5.333634e+02
1930          	5.333634e+02
1931          	5.333634e+02
1932          	5.333634e+02
1933          	5.333634e+02
1934          	5.333634e+02
1935          	5.333634e+02
1936          	5.333634e+02
1937          	5.333634e+02
1938          	5.333634e+02
1939          	5.333634e+02
1940          	5.333634e+02
1941          	5.333634e+02
1942          	5.333634e+02
1943          	5.333634e+02
1944          	5.333634e+02
1945          	5.333634e+02
1946          	5.333634e+02
1947          	5.333634e+02
1948          	5.333634e+02
1949          	5.333634e+02
1950          	5.333634e+02
1951          	5.333634e+02
1952          	5.333634e+02
1953          	5.333634e+02
1954          	5.333634e+02
1955          	5.333634e+02
1956          	5.333634e+02
1957          	5.333634e+02
1958          	5.333634e+02
1959          	5.333634e+02
1960          	5.333634e+02
1961          	5.333634e+02
1962          	5.333634e+02
1963          	5.333634e+02
1964          	5.333634e+02
1965          	5.333634e+02
1966          	5.333634e+02
1967          	5.333634e+02
1968          	5.333634e+02
1969          	5.333634e+02
1970          	5.333634e+02
1971          	5.333634e+02
1972          	5.333634e+02
1973          	5.333634e+02
1974          	5.333634e+02
1975          	5.333634e+02
1976          	5.333634e+02
1977          	5.333634e+02
1978          	5.333634e+02
1979          	5.333634e+02
1980          	5.333634e+02
1981          	5.333634e+02
1982          	5.333634e+02
1983          	5.333634e+02
1984          	5.333634e+02
1985          	5.333634e+02
1986          	5.333634e+02
1987          	5.333634e+02
1988          	5.333634e+02
1989          	5.333634e+02
1990          	5.333634e+02
1991          	5.333634e+02
1992          	5.333634e+02
1993          	5.333634e+02
1994          	5.333634e+02
1995          	5.333634e+02
1996          	5.333634e+02
1997          	5.333634e+02
1998          	5.333634e+02
1999          	5.333634e+02
2000          	5.333634e+02
