# Region type : patch heater_to_fins
# Faces  :    56
# Area   :    1.000000e-04
# Time        	areaAverage(T)
0             	2.969000e+02
1             	2.969000e+02
2             	2.991286e+02
3             	3.013580e+02
4             	3.035718e+02
5             	3.057779e+02
6             	3.079727e+02
7             	3.101548e+02
8             	3.123233e+02
9             	3.144776e+02
10            	3.166176e+02
11            	3.187430e+02
12            	3.208541e+02
13            	3.229509e+02
14            	3.250336e+02
15            	3.271022e+02
16            	3.291571e+02
17            	3.311982e+02
18            	3.332259e+02
19            	3.352401e+02
20            	3.372409e+02
21            	3.392285e+02
22            	3.412030e+02
23            	3.431644e+02
24            	3.451129e+02
25            	3.470486e+02
26            	3.489716e+02
27            	3.508819e+02
28            	3.527797e+02
29            	3.546651e+02
30            	3.565378e+02
31            	3.583977e+02
32            	3.602444e+02
33            	3.620776e+02
34            	3.638969e+02
35            	3.657021e+02
36            	3.674931e+02
37            	3.692697e+02
38            	3.710322e+02
39            	3.727805e+02
40            	3.745149e+02
41            	3.762351e+02
42            	3.779412e+02
43            	3.796332e+02
44            	3.813112e+02
45            	3.829752e+02
46            	3.846255e+02
47            	3.862622e+02
48            	3.878855e+02
49            	3.894953e+02
50            	3.910917e+02
51            	3.926749e+02
52            	3.942448e+02
53            	3.958016e+02
54            	3.973455e+02
55            	3.988764e+02
56            	4.003946e+02
57            	4.019003e+02
58            	4.033935e+02
59            	4.048744e+02
60            	4.063432e+02
61            	4.078000e+02
62            	4.092447e+02
63            	4.106776e+02
64            	4.120985e+02
65            	4.135078e+02
66            	4.149055e+02
67            	4.162916e+02
68            	4.176662e+02
69            	4.190295e+02
70            	4.203814e+02
71            	4.217221e+02
72            	4.230516e+02
73            	4.243701e+02
74            	4.256777e+02
75            	4.269745e+02
76            	4.282606e+02
77            	4.295361e+02
78            	4.308010e+02
79            	4.320555e+02
80            	4.332996e+02
81            	4.345334e+02
82            	4.357569e+02
83            	4.369703e+02
84            	4.381737e+02
85            	4.393671e+02
86            	4.405506e+02
87            	4.417243e+02
88            	4.428882e+02
89            	4.440425e+02
90            	4.451870e+02
91            	4.463220e+02
92            	4.474475e+02
93            	4.485636e+02
94            	4.496704e+02
95            	4.507680e+02
96            	4.518563e+02
97            	4.529355e+02
98            	4.540055e+02
99            	4.550664e+02
100           	4.561183e+02
101           	4.571612e+02
102           	4.581952e+02
103           	4.592204e+02
104           	4.602369e+02
105           	4.612447e+02
106           	4.622440e+02
107           	4.632348e+02
108           	4.642172e+02
109           	4.651913e+02
110           	4.661571e+02
111           	4.671148e+02
112           	4.680643e+02
113           	4.690058e+02
114           	4.699392e+02
115           	4.708648e+02
116           	4.717824e+02
117           	4.726921e+02
118           	4.735940e+02
119           	4.744882e+02
120           	4.753746e+02
121           	4.762534e+02
122           	4.771247e+02
123           	4.779885e+02
124           	4.788448e+02
125           	4.796937e+02
126           	4.805353e+02
127           	4.813697e+02
128           	4.821968e+02
129           	4.830167e+02
130           	4.838295e+02
131           	4.846352e+02
132           	4.854339e+02
133           	4.862256e+02
134           	4.870104e+02
135           	4.877884e+02
136           	4.885595e+02
137           	4.893239e+02
138           	4.900815e+02
139           	4.908325e+02
140           	4.915769e+02
141           	4.923147e+02
142           	4.930461e+02
143           	4.937709e+02
144           	4.944894e+02
145           	4.952015e+02
146           	4.959073e+02
147           	4.966069e+02
148           	4.973003e+02
149           	4.979876e+02
150           	4.986688e+02
151           	4.993440e+02
152           	5.000133e+02
153           	5.006767e+02
154           	5.013342e+02
155           	5.019859e+02
156           	5.026319e+02
157           	5.032723e+02
158           	5.039070e+02
159           	5.045362e+02
160           	5.051598e+02
161           	5.057780e+02
162           	5.063907e+02
163           	5.069981e+02
164           	5.076001e+02
165           	5.081968e+02
166           	5.087882e+02
167           	5.093744e+02
168           	5.099554e+02
169           	5.105313e+02
170           	5.111019e+02
171           	5.116675e+02
172           	5.122280e+02
173           	5.127835e+02
174           	5.133340e+02
175           	5.138797e+02
176           	5.144204e+02
177           	5.149564e+02
178           	5.154876e+02
179           	5.160141e+02
180           	5.165360e+02
181           	5.170532e+02
182           	5.175659e+02
183           	5.180740e+02
184           	5.185776e+02
185           	5.190768e+02
186           	5.195717e+02
187           	5.200621e+02
188           	5.205483e+02
189           	5.210302e+02
190           	5.215078e+02
191           	5.219813e+02
192           	5.224506e+02
193           	5.229157e+02
194           	5.233767e+02
195           	5.238337e+02
196           	5.242866e+02
197           	5.247356e+02
198           	5.251805e+02
199           	5.256216e+02
200           	5.260588e+02
201           	5.264921e+02
202           	5.269217e+02
203           	5.273475e+02
204           	5.277696e+02
205           	5.281880e+02
206           	5.286027e+02
207           	5.290139e+02
208           	5.294215e+02
209           	5.298256e+02
210           	5.302262e+02
211           	5.306233e+02
212           	5.310171e+02
213           	5.314074e+02
214           	5.317944e+02
215           	5.321781e+02
216           	5.325585e+02
217           	5.329357e+02
218           	5.333097e+02
219           	5.336804e+02
220           	5.340480e+02
221           	5.344125e+02
222           	5.347738e+02
223           	5.351320e+02
224           	5.354872e+02
225           	5.358393e+02
226           	5.361884e+02
227           	5.365344e+02
228           	5.368775e+02
229           	5.372176e+02
230           	5.375548e+02
231           	5.378891e+02
232           	5.382206e+02
233           	5.385491e+02
234           	5.388748e+02
235           	5.391978e+02
236           	5.395179e+02
237           	5.398353e+02
238           	5.401500e+02
239           	5.404619e+02
240           	5.407712e+02
241           	5.410778e+02
242           	5.413818e+02
243           	5.416831e+02
244           	5.419817e+02
245           	5.422778e+02
246           	5.425712e+02
247           	5.428619e+02
248           	5.431501e+02
249           	5.434358e+02
250           	5.437188e+02
251           	5.439993e+02
252           	5.442772e+02
253           	5.445526e+02
254           	5.448255e+02
255           	5.450959e+02
256           	5.453638e+02
257           	5.456292e+02
258           	5.458923e+02
259           	5.461528e+02
260           	5.464110e+02
261           	5.466668e+02
262           	5.469201e+02
263           	5.471711e+02
264           	5.474198e+02
265           	5.476662e+02
266           	5.479103e+02
267           	5.481522e+02
268           	5.483919e+02
269           	5.486294e+02
270           	5.488647e+02
271           	5.490978e+02
272           	5.493289e+02
273           	5.495579e+02
274           	5.497848e+02
275           	5.500096e+02
276           	5.502323e+02
277           	5.504531e+02
278           	5.506718e+02
279           	5.508885e+02
280           	5.511033e+02
281           	5.513161e+02
282           	5.515269e+02
283           	5.517358e+02
284           	5.519427e+02
285           	5.521478e+02
286           	5.523510e+02
287           	5.525523e+02
288           	5.527518e+02
289           	5.529495e+02
290           	5.531453e+02
291           	5.533395e+02
292           	5.535318e+02
293           	5.537225e+02
294           	5.539114e+02
295           	5.540986e+02
296           	5.542841e+02
297           	5.544680e+02
298           	5.546503e+02
299           	5.548309e+02
300           	5.550099e+02
301           	5.551873e+02
302           	5.553632e+02
303           	5.555375e+02
304           	5.557102e+02
305           	5.558814e+02
306           	5.560511e+02
307           	5.562193e+02
308           	5.563860e+02
309           	5.565512e+02
310           	5.567150e+02
311           	5.568773e+02
312           	5.570382e+02
313           	5.571976e+02
314           	5.573557e+02
315           	5.575123e+02
316           	5.576675e+02
317           	5.578213e+02
318           	5.579736e+02
319           	5.581247e+02
320           	5.582743e+02
321           	5.584226e+02
322           	5.585695e+02
323           	5.587151e+02
324           	5.588593e+02
325           	5.590022e+02
326           	5.591438e+02
327           	5.592841e+02
328           	5.594231e+02
329           	5.595609e+02
330           	5.596973e+02
331           	5.598325e+02
332           	5.599665e+02
333           	5.600992e+02
334           	5.602308e+02
335           	5.603611e+02
336           	5.604902e+02
337           	5.606181e+02
338           	5.607449e+02
339           	5.608705e+02
340           	5.609949e+02
341           	5.611183e+02
342           	5.612405e+02
343           	5.613616e+02
344           	5.614816e+02
345           	5.616005e+02
346           	5.617183e+02
347           	5.618351e+02
348           	5.619507e+02
349           	5.620654e+02
350           	5.621789e+02
351           	5.622914e+02
352           	5.624029e+02
353           	5.625133e+02
354           	5.626228e+02
355           	5.627312e+02
356           	5.628386e+02
357           	5.629450e+02
358           	5.630505e+02
359           	5.631550e+02
360           	5.632585e+02
361           	5.633610e+02
362           	5.634626e+02
363           	5.635633e+02
364           	5.636630e+02
365           	5.637618e+02
366           	5.638596e+02
367           	5.639566e+02
368           	5.640526e+02
369           	5.641477e+02
370           	5.642420e+02
371           	5.643353e+02
372           	5.644278e+02
373           	5.645195e+02
374           	5.646103e+02
375           	5.647002e+02
376           	5.647893e+02
377           	5.648776e+02
378           	5.649650e+02
379           	5.650516e+02
380           	5.651375e+02
381           	5.652225e+02
382           	5.653067e+02
383           	5.653902e+02
384           	5.654729e+02
385           	5.655548e+02
386           	5.656359e+02
387           	5.657163e+02
388           	5.657959e+02
389           	5.658748e+02
390           	5.659529e+02
391           	5.660303e+02
392           	5.661070e+02
393           	5.661830e+02
394           	5.662582e+02
395           	5.663328e+02
396           	5.664067e+02
397           	5.664798e+02
398           	5.665523e+02
399           	5.666241e+02
400           	5.666952e+02
401           	5.667657e+02
402           	5.668355e+02
403           	5.669047e+02
404           	5.669732e+02
405           	5.670411e+02
406           	5.671083e+02
407           	5.671749e+02
408           	5.672409e+02
409           	5.673063e+02
410           	5.673710e+02
411           	5.674352e+02
412           	5.674988e+02
413           	5.675618e+02
414           	5.676242e+02
415           	5.676860e+02
416           	5.677472e+02
417           	5.678079e+02
418           	5.678681e+02
419           	5.679276e+02
420           	5.679866e+02
421           	5.680451e+02
422           	5.681031e+02
423           	5.681605e+02
424           	5.682173e+02
425           	5.682737e+02
426           	5.683295e+02
427           	5.683848e+02
428           	5.684396e+02
429           	5.684939e+02
430           	5.685477e+02
431           	5.686010e+02
432           	5.686538e+02
433           	5.687061e+02
434           	5.687580e+02
435           	5.688093e+02
436           	5.688602e+02
437           	5.689106e+02
438           	5.689606e+02
439           	5.690101e+02
440           	5.690591e+02
441           	5.691077e+02
442           	5.691558e+02
443           	5.692034e+02
444           	5.692506e+02
445           	5.692974e+02
446           	5.693438e+02
447           	5.693897e+02
448           	5.694352e+02
449           	5.694802e+02
450           	5.695249e+02
451           	5.695692e+02
452           	5.696130e+02
453           	5.696564e+02
454           	5.696995e+02
455           	5.697421e+02
456           	5.697843e+02
457           	5.698262e+02
458           	5.698676e+02
459           	5.699087e+02
460           	5.699494e+02
461           	5.699896e+02
462           	5.700296e+02
463           	5.700691e+02
464           	5.701083e+02
465           	5.701471e+02
466           	5.701856e+02
467           	5.702237e+02
468           	5.702614e+02
469           	5.702988e+02
470           	5.703358e+02
471           	5.703725e+02
472           	5.704089e+02
473           	5.704449e+02
474           	5.704806e+02
475           	5.705160e+02
476           	5.705510e+02
477           	5.705857e+02
478           	5.706201e+02
479           	5.706542e+02
480           	5.706880e+02
481           	5.707215e+02
482           	5.707547e+02
483           	5.707875e+02
484           	5.708201e+02
485           	5.708524e+02
486           	5.708844e+02
487           	5.709162e+02
488           	5.709476e+02
489           	5.709788e+02
490           	5.710097e+02
491           	5.710403e+02
492           	5.710706e+02
493           	5.711007e+02
494           	5.711305e+02
495           	5.711600e+02
496           	5.711893e+02
497           	5.712183e+02
498           	5.712471e+02
499           	5.712756e+02
500           	5.713039e+02
501           	5.713319e+02
502           	5.713597e+02
503           	5.713872e+02
504           	5.714145e+02
505           	5.714416e+02
506           	5.714684e+02
507           	5.714950e+02
508           	5.715213e+02
509           	5.715475e+02
510           	5.715734e+02
511           	5.715991e+02
512           	5.716246e+02
513           	5.716498e+02
514           	5.716749e+02
515           	5.716997e+02
516           	5.717243e+02
517           	5.717486e+02
518           	5.717727e+02
519           	5.717966e+02
520           	5.718202e+02
521           	5.718436e+02
522           	5.718668e+02
523           	5.718897e+02
524           	5.719124e+02
525           	5.719349e+02
526           	5.719572e+02
527           	5.719792e+02
528           	5.720011e+02
529           	5.720228e+02
530           	5.720443e+02
531           	5.720656e+02
532           	5.720868e+02
533           	5.721077e+02
534           	5.721284e+02
535           	5.721489e+02
536           	5.721693e+02
537           	5.721894e+02
538           	5.722094e+02
539           	5.722293e+02
540           	5.722489e+02
541           	5.722684e+02
542           	5.722877e+02
543           	5.723068e+02
544           	5.723258e+02
545           	5.723446e+02
546           	5.723633e+02
547           	5.723818e+02
548           	5.724001e+02
549           	5.724183e+02
550           	5.724363e+02
551           	5.724542e+02
552           	5.724719e+02
553           	5.724895e+02
554           	5.725069e+02
555           	5.725241e+02
556           	5.725411e+02
557           	5.725580e+02
558           	5.725748e+02
559           	5.725914e+02
560           	5.726078e+02
561           	5.726242e+02
562           	5.726404e+02
563           	5.726564e+02
564           	5.726724e+02
565           	5.726882e+02
566           	5.727039e+02
567           	5.727194e+02
568           	5.727348e+02
569           	5.727501e+02
570           	5.727653e+02
571           	5.727804e+02
572           	5.727953e+02
573           	5.728101e+02
574           	5.728247e+02
575           	5.728393e+02
576           	5.728536e+02
577           	5.728679e+02
578           	5.728820e+02
579           	5.728959e+02
580           	5.729097e+02
581           	5.729234e+02
582           	5.729370e+02
583           	5.729504e+02
584           	5.729637e+02
585           	5.729768e+02
586           	5.729898e+02
587           	5.730027e+02
588           	5.730155e+02
589           	5.730281e+02
590           	5.730407e+02
591           	5.730531e+02
592           	5.730654e+02
593           	5.730776e+02
594           	5.730897e+02
595           	5.731017e+02
596           	5.731136e+02
597           	5.731254e+02
598           	5.731371e+02
599           	5.731487e+02
600           	5.731602e+02
601           	5.731716e+02
602           	5.731830e+02
603           	5.731942e+02
604           	5.732054e+02
605           	5.732165e+02
606           	5.732275e+02
607           	5.732384e+02
608           	5.732493e+02
609           	5.732600e+02
610           	5.732707e+02
611           	5.732814e+02
612           	5.732919e+02
613           	5.733024e+02
614           	5.733128e+02
615           	5.733231e+02
616           	5.733334e+02
617           	5.733436e+02
618           	5.733537e+02
619           	5.733637e+02
620           	5.733737e+02
621           	5.733835e+02
622           	5.733934e+02
623           	5.734031e+02
624           	5.734128e+02
625           	5.734224e+02
626           	5.734319e+02
627           	5.734414e+02
628           	5.734508e+02
629           	5.734601e+02
630           	5.734694e+02
631           	5.734786e+02
632           	5.734877e+02
633           	5.734967e+02
634           	5.735057e+02
635           	5.735146e+02
636           	5.735234e+02
637           	5.735322e+02
638           	5.735409e+02
639           	5.735495e+02
640           	5.735581e+02
641           	5.735666e+02
642           	5.735750e+02
643           	5.735834e+02
644           	5.735917e+02
645           	5.736000e+02
646           	5.736081e+02
647           	5.736163e+02
648           	5.736243e+02
649           	5.736323e+02
650           	5.736403e+02
651           	5.736482e+02
652           	5.736560e+02
653           	5.736637e+02
654           	5.736714e+02
655           	5.736790e+02
656           	5.736866e+02
657           	5.736941e+02
658           	5.737016e+02
659           	5.737090e+02
660           	5.737163e+02
661           	5.737236e+02
662           	5.737308e+02
663           	5.737380e+02
664           	5.737451e+02
665           	5.737522e+02
666           	5.737592e+02
667           	5.737661e+02
668           	5.737731e+02
669           	5.737801e+02
670           	5.737870e+02
671           	5.737939e+02
672           	5.738008e+02
673           	5.738077e+02
674           	5.738146e+02
675           	5.738214e+02
676           	5.738282e+02
677           	5.738349e+02
678           	5.738416e+02
679           	5.738482e+02
680           	5.738548e+02
681           	5.738613e+02
682           	5.738678e+02
683           	5.738741e+02
684           	5.738805e+02
685           	5.738867e+02
686           	5.738930e+02
687           	5.738991e+02
688           	5.739052e+02
689           	5.739113e+02
690           	5.739172e+02
691           	5.739232e+02
692           	5.739290e+02
693           	5.739348e+02
694           	5.739406e+02
695           	5.739463e+02
696           	5.739520e+02
697           	5.739576e+02
698           	5.739631e+02
699           	5.739687e+02
700           	5.739741e+02
701           	5.739796e+02
702           	5.739849e+02
703           	5.739903e+02
704           	5.739956e+02
705           	5.740008e+02
706           	5.740060e+02
707           	5.740111e+02
708           	5.740162e+02
709           	5.740213e+02
710           	5.740263e+02
711           	5.740312e+02
712           	5.740361e+02
713           	5.740410e+02
714           	5.740458e+02
715           	5.740506e+02
716           	5.740553e+02
717           	5.740600e+02
718           	5.740647e+02
719           	5.740693e+02
720           	5.740739e+02
721           	5.740784e+02
722           	5.740829e+02
723           	5.740873e+02
724           	5.740917e+02
725           	5.740961e+02
726           	5.741005e+02
727           	5.741048e+02
728           	5.741091e+02
729           	5.741134e+02
730           	5.741176e+02
731           	5.741218e+02
732           	5.741260e+02
733           	5.741301e+02
734           	5.741342e+02
735           	5.741383e+02
736           	5.741423e+02
737           	5.741463e+02
738           	5.741502e+02
739           	5.741541e+02
740           	5.741579e+02
741           	5.741616e+02
742           	5.741653e+02
743           	5.741690e+02
744           	5.741726e+02
745           	5.741761e+02
746           	5.741795e+02
747           	5.741829e+02
748           	5.741862e+02
749           	5.741894e+02
750           	5.741926e+02
751           	5.741956e+02
752           	5.741986e+02
753           	5.742015e+02
754           	5.742043e+02
755           	5.742071e+02
756           	5.742098e+02
757           	5.742124e+02
758           	5.742149e+02
759           	5.742173e+02
760           	5.742196e+02
761           	5.742218e+02
762           	5.742240e+02
763           	5.742260e+02
764           	5.742280e+02
765           	5.742299e+02
766           	5.742318e+02
767           	5.742336e+02
768           	5.742354e+02
769           	5.742371e+02
770           	5.742387e+02
771           	5.742403e+02
772           	5.742418e+02
773           	5.742433e+02
774           	5.742447e+02
775           	5.742460e+02
776           	5.742473e+02
777           	5.742485e+02
778           	5.742496e+02
779           	5.742507e+02
780           	5.742517e+02
781           	5.742527e+02
782           	5.742538e+02
783           	5.742548e+02
784           	5.742557e+02
785           	5.742567e+02
786           	5.742577e+02
787           	5.742586e+02
788           	5.742596e+02
789           	5.742605e+02
790           	5.742615e+02
791           	5.742625e+02
792           	5.742634e+02
793           	5.742644e+02
794           	5.742654e+02
795           	5.742664e+02
796           	5.742674e+02
797           	5.742684e+02
798           	5.742694e+02
799           	5.742704e+02
800           	5.742714e+02
801           	5.742724e+02
802           	5.742735e+02
803           	5.742746e+02
804           	5.742758e+02
805           	5.742769e+02
806           	5.742781e+02
807           	5.742793e+02
808           	5.742806e+02
809           	5.742818e+02
810           	5.742831e+02
811           	5.742843e+02
812           	5.742856e+02
813           	5.742869e+02
814           	5.742883e+02
815           	5.742896e+02
816           	5.742909e+02
817           	5.742922e+02
818           	5.742935e+02
819           	5.742948e+02
820           	5.742961e+02
821           	5.742974e+02
822           	5.742987e+02
823           	5.743000e+02
824           	5.743012e+02
825           	5.743025e+02
826           	5.743037e+02
827           	5.743049e+02
828           	5.743062e+02
829           	5.743074e+02
830           	5.743087e+02
831           	5.743100e+02
832           	5.743112e+02
833           	5.743125e+02
834           	5.743139e+02
835           	5.743152e+02
836           	5.743166e+02
837           	5.743180e+02
838           	5.743193e+02
839           	5.743207e+02
840           	5.743220e+02
841           	5.743233e+02
842           	5.743246e+02
843           	5.743259e+02
844           	5.743271e+02
845           	5.743284e+02
846           	5.743296e+02
847           	5.743308e+02
848           	5.743321e+02
849           	5.743334e+02
850           	5.743347e+02
851           	5.743360e+02
852           	5.743374e+02
853           	5.743387e+02
854           	5.743401e+02
855           	5.743414e+02
856           	5.743428e+02
857           	5.743442e+02
858           	5.743456e+02
859           	5.743470e+02
860           	5.743484e+02
861           	5.743498e+02
862           	5.743511e+02
863           	5.743526e+02
864           	5.743540e+02
865           	5.743555e+02
866           	5.743569e+02
867           	5.743584e+02
868           	5.743600e+02
869           	5.743615e+02
870           	5.743630e+02
871           	5.743645e+02
872           	5.743660e+02
873           	5.743674e+02
874           	5.743689e+02
875           	5.743703e+02
876           	5.743717e+02
877           	5.743730e+02
878           	5.743744e+02
879           	5.743757e+02
880           	5.743770e+02
881           	5.743783e+02
882           	5.743796e+02
883           	5.743808e+02
884           	5.743821e+02
885           	5.743833e+02
886           	5.743845e+02
887           	5.743858e+02
888           	5.743870e+02
889           	5.743882e+02
890           	5.743893e+02
891           	5.743905e+02
892           	5.743917e+02
893           	5.743929e+02
894           	5.743940e+02
895           	5.743952e+02
896           	5.743964e+02
897           	5.743975e+02
898           	5.743987e+02
899           	5.743998e+02
900           	5.744010e+02
901           	5.744021e+02
902           	5.744032e+02
903           	5.744044e+02
904           	5.744055e+02
905           	5.744066e+02
906           	5.744077e+02
907           	5.744089e+02
908           	5.744100e+02
909           	5.744111e+02
910           	5.744122e+02
911           	5.744133e+02
912           	5.744144e+02
913           	5.744155e+02
914           	5.744165e+02
915           	5.744176e+02
916           	5.744187e+02
917           	5.744197e+02
918           	5.744208e+02
919           	5.744218e+02
920           	5.744229e+02
921           	5.744239e+02
922           	5.744249e+02
923           	5.744260e+02
924           	5.744270e+02
925           	5.744280e+02
926           	5.744290e+02
927           	5.744299e+02
928           	5.744309e+02
929           	5.744319e+02
930           	5.744328e+02
931           	5.744338e+02
932           	5.744347e+02
933           	5.744356e+02
934           	5.744365e+02
935           	5.744374e+02
936           	5.744383e+02
937           	5.744391e+02
938           	5.744400e+02
939           	5.744409e+02
940           	5.744417e+02
941           	5.744425e+02
942           	5.744434e+02
943           	5.744442e+02
944           	5.744450e+02
945           	5.744459e+02
946           	5.744467e+02
947           	5.744475e+02
948           	5.744483e+02
949           	5.744491e+02
950           	5.744498e+02
951           	5.744506e+02
952           	5.744514e+02
953           	5.744521e+02
954           	5.744529e+02
955           	5.744536e+02
956           	5.744544e+02
957           	5.744551e+02
958           	5.744558e+02
959           	5.744565e+02
960           	5.744572e+02
961           	5.744579e+02
962           	5.744586e+02
963           	5.744592e+02
964           	5.744599e+02
965           	5.744605e+02
966           	5.744611e+02
967           	5.744617e+02
968           	5.744623e+02
969           	5.744629e+02
970           	5.744635e+02
971           	5.744641e+02
972           	5.744646e+02
973           	5.744651e+02
974           	5.744657e+02
975           	5.744662e+02
976           	5.744666e+02
977           	5.744671e+02
978           	5.744676e+02
979           	5.744680e+02
980           	5.744684e+02
981           	5.744687e+02
982           	5.744691e+02
983           	5.744694e+02
984           	5.744696e+02
985           	5.744699e+02
986           	5.744700e+02
987           	5.744702e+02
988           	5.744703e+02
989           	5.744704e+02
990           	5.744704e+02
991           	5.744705e+02
992           	5.744705e+02
993           	5.744704e+02
994           	5.744704e+02
995           	5.744703e+02
996           	5.744702e+02
997           	5.744701e+02
998           	5.744699e+02
999           	5.744697e+02
1000          	5.744695e+02
1001          	5.744692e+02
1002          	5.744689e+02
1003          	5.744686e+02
1004          	5.744683e+02
1005          	5.744679e+02
1006          	5.744675e+02
1007          	5.744671e+02
1008          	5.744667e+02
1009          	5.744662e+02
1010          	5.744657e+02
1011          	5.744652e+02
1012          	5.744647e+02
1013          	5.744641e+02
1014          	5.744635e+02
1015          	5.744629e+02
1016          	5.744623e+02
1017          	5.744616e+02
1018          	5.744609e+02
1019          	5.744602e+02
1020          	5.744596e+02
1021          	5.744589e+02
1022          	5.744582e+02
1023          	5.744575e+02
1024          	5.744569e+02
1025          	5.744563e+02
1026          	5.744557e+02
1027          	5.744551e+02
1028          	5.744546e+02
1029          	5.744541e+02
1030          	5.744536e+02
1031          	5.744532e+02
1032          	5.744527e+02
1033          	5.744523e+02
1034          	5.744520e+02
1035          	5.744516e+02
1036          	5.744513e+02
1037          	5.744511e+02
1038          	5.744509e+02
1039          	5.744507e+02
1040          	5.744506e+02
1041          	5.744505e+02
1042          	5.744504e+02
1043          	5.744504e+02
1044          	5.744504e+02
1045          	5.744505e+02
1046          	5.744505e+02
1047          	5.744506e+02
1048          	5.744507e+02
1049          	5.744509e+02
1050          	5.744510e+02
1051          	5.744512e+02
1052          	5.744514e+02
1053          	5.744516e+02
1054          	5.744519e+02
1055          	5.744521e+02
1056          	5.744524e+02
1057          	5.744527e+02
1058          	5.744531e+02
1059          	5.744534e+02
1060          	5.744537e+02
1061          	5.744541e+02
1062          	5.744545e+02
1063          	5.744549e+02
1064          	5.744553e+02
1065          	5.744557e+02
1066          	5.744562e+02
1067          	5.744566e+02
1068          	5.744571e+02
1069          	5.744575e+02
1070          	5.744580e+02
1071          	5.744585e+02
1072          	5.744590e+02
1073          	5.744595e+02
1074          	5.744600e+02
1075          	5.744605e+02
1076          	5.744610e+02
1077          	5.744616e+02
1078          	5.744621e+02
1079          	5.744627e+02
1080          	5.744632e+02
1081          	5.744638e+02
1082          	5.744643e+02
1083          	5.744649e+02
1084          	5.744655e+02
1085          	5.744660e+02
1086          	5.744665e+02
1087          	5.744670e+02
1088          	5.744675e+02
1089          	5.744680e+02
1090          	5.744684e+02
1091          	5.744688e+02
1092          	5.744692e+02
1093          	5.744696e+02
1094          	5.744700e+02
1095          	5.744704e+02
1096          	5.744708e+02
1097          	5.744712e+02
1098          	5.744716e+02
1099          	5.744719e+02
1100          	5.744723e+02
1101          	5.744728e+02
1102          	5.744732e+02
1103          	5.744736e+02
1104          	5.744741e+02
1105          	5.744746e+02
1106          	5.744751e+02
1107          	5.744756e+02
1108          	5.744762e+02
1109          	5.744767e+02
1110          	5.744773e+02
1111          	5.744778e+02
1112          	5.744784e+02
1113          	5.744789e+02
1114          	5.744795e+02
1115          	5.744800e+02
1116          	5.744806e+02
1117          	5.744811e+02
1118          	5.744817e+02
1119          	5.744823e+02
1120          	5.744828e+02
1121          	5.744834e+02
1122          	5.744840e+02
1123          	5.744846e+02
1124          	5.744853e+02
1125          	5.744859e+02
1126          	5.744866e+02
1127          	5.744873e+02
1128          	5.744880e+02
1129          	5.744887e+02
1130          	5.744893e+02
1131          	5.744900e+02
1132          	5.744907e+02
1133          	5.744913e+02
1134          	5.744920e+02
1135          	5.744926e+02
1136          	5.744933e+02
1137          	5.744938e+02
1138          	5.744944e+02
1139          	5.744950e+02
1140          	5.744955e+02
1141          	5.744959e+02
1142          	5.744964e+02
1143          	5.744968e+02
1144          	5.744971e+02
1145          	5.744974e+02
1146          	5.744977e+02
1147          	5.744979e+02
1148          	5.744981e+02
1149          	5.744982e+02
1150          	5.744983e+02
1151          	5.744983e+02
1152          	5.744983e+02
1153          	5.744982e+02
1154          	5.744980e+02
1155          	5.744978e+02
1156          	5.744975e+02
1157          	5.744972e+02
1158          	5.744968e+02
1159          	5.744963e+02
1160          	5.744958e+02
1161          	5.744952e+02
1162          	5.744946e+02
1163          	5.744940e+02
1164          	5.744933e+02
1165          	5.744926e+02
1166          	5.744918e+02
1167          	5.744910e+02
1168          	5.744902e+02
1169          	5.744892e+02
1170          	5.744883e+02
1171          	5.744873e+02
1172          	5.744863e+02
1173          	5.744852e+02
1174          	5.744841e+02
1175          	5.744830e+02
1176          	5.744818e+02
1177          	5.744806e+02
1178          	5.744794e+02
1179          	5.744782e+02
1180          	5.744771e+02
1181          	5.744759e+02
1182          	5.744748e+02
1183          	5.744736e+02
1184          	5.744725e+02
1185          	5.744713e+02
1186          	5.744702e+02
1187          	5.744692e+02
1188          	5.744681e+02
1189          	5.744671e+02
1190          	5.744660e+02
1191          	5.744650e+02
1192          	5.744640e+02
1193          	5.744631e+02
1194          	5.744621e+02
1195          	5.744612e+02
1196          	5.744603e+02
1197          	5.744595e+02
1198          	5.744586e+02
1199          	5.744578e+02
1200          	5.744571e+02
1201          	5.744564e+02
1202          	5.744557e+02
1203          	5.744551e+02
1204          	5.744545e+02
1205          	5.744540e+02
1206          	5.744534e+02
1207          	5.744529e+02
1208          	5.744524e+02
1209          	5.744519e+02
1210          	5.744515e+02
1211          	5.744510e+02
1212          	5.744506e+02
1213          	5.744502e+02
1214          	5.744498e+02
1215          	5.744494e+02
1216          	5.744490e+02
1217          	5.744487e+02
1218          	5.744483e+02
1219          	5.744480e+02
1220          	5.744476e+02
1221          	5.744473e+02
1222          	5.744470e+02
1223          	5.744467e+02
1224          	5.744464e+02
1225          	5.744461e+02
1226          	5.744459e+02
1227          	5.744457e+02
1228          	5.744455e+02
1229          	5.744454e+02
1230          	5.744453e+02
1231          	5.744453e+02
1232          	5.744453e+02
1233          	5.744453e+02
1234          	5.744454e+02
1235          	5.744455e+02
1236          	5.744456e+02
1237          	5.744456e+02
1238          	5.744456e+02
1239          	5.744457e+02
1240          	5.744457e+02
1241          	5.744458e+02
1242          	5.744458e+02
1243          	5.744459e+02
1244          	5.744461e+02
1245          	5.744463e+02
1246          	5.744465e+02
1247          	5.744467e+02
1248          	5.744469e+02
1249          	5.744472e+02
1250          	5.744474e+02
1251          	5.744477e+02
1252          	5.744480e+02
1253          	5.744483e+02
1254          	5.744486e+02
1255          	5.744489e+02
1256          	5.744492e+02
1257          	5.744496e+02
1258          	5.744501e+02
1259          	5.744505e+02
1260          	5.744510e+02
1261          	5.744515e+02
1262          	5.744519e+02
1263          	5.744524e+02
1264          	5.744528e+02
1265          	5.744532e+02
1266          	5.744536e+02
1267          	5.744540e+02
1268          	5.744543e+02
1269          	5.744547e+02
1270          	5.744551e+02
1271          	5.744554e+02
1272          	5.744558e+02
1273          	5.744561e+02
1274          	5.744565e+02
1275          	5.744569e+02
1276          	5.744572e+02
1277          	5.744576e+02
1278          	5.744579e+02
1279          	5.744583e+02
1280          	5.744587e+02
1281          	5.744590e+02
1282          	5.744594e+02
1283          	5.744598e+02
1284          	5.744602e+02
1285          	5.744606e+02
1286          	5.744610e+02
1287          	5.744615e+02
1288          	5.744619e+02
1289          	5.744624e+02
1290          	5.744628e+02
1291          	5.744633e+02
1292          	5.744638e+02
1293          	5.744643e+02
1294          	5.744648e+02
1295          	5.744653e+02
1296          	5.744658e+02
1297          	5.744663e+02
1298          	5.744669e+02
1299          	5.744674e+02
1300          	5.744680e+02
1301          	5.744685e+02
1302          	5.744691e+02
1303          	5.744696e+02
1304          	5.744702e+02
1305          	5.744708e+02
1306          	5.744713e+02
1307          	5.744719e+02
1308          	5.744725e+02
1309          	5.744731e+02
1310          	5.744736e+02
1311          	5.744742e+02
1312          	5.744748e+02
1313          	5.744754e+02
1314          	5.744759e+02
1315          	5.744765e+02
1316          	5.744771e+02
1317          	5.744776e+02
1318          	5.744782e+02
1319          	5.744788e+02
1320          	5.744793e+02
1321          	5.744799e+02
1322          	5.744804e+02
1323          	5.744810e+02
1324          	5.744815e+02
1325          	5.744821e+02
1326          	5.744826e+02
1327          	5.744831e+02
1328          	5.744837e+02
1329          	5.744842e+02
1330          	5.744847e+02
1331          	5.744852e+02
1332          	5.744857e+02
1333          	5.744863e+02
1334          	5.744868e+02
1335          	5.744873e+02
1336          	5.744877e+02
1337          	5.744882e+02
1338          	5.744887e+02
1339          	5.744892e+02
1340          	5.744896e+02
1341          	5.744901e+02
1342          	5.744905e+02
1343          	5.744909e+02
1344          	5.744914e+02
1345          	5.744918e+02
1346          	5.744922e+02
1347          	5.744926e+02
1348          	5.744930e+02
1349          	5.744933e+02
1350          	5.744937e+02
1351          	5.744940e+02
1352          	5.744944e+02
1353          	5.744947e+02
1354          	5.744950e+02
1355          	5.744953e+02
1356          	5.744956e+02
1357          	5.744958e+02
1358          	5.744961e+02
1359          	5.744963e+02
1360          	5.744965e+02
1361          	5.744967e+02
1362          	5.744968e+02
1363          	5.744969e+02
1364          	5.744970e+02
1365          	5.744970e+02
1366          	5.744969e+02
1367          	5.744969e+02
1368          	5.744968e+02
1369          	5.744967e+02
1370          	5.744966e+02
1371          	5.744964e+02
1372          	5.744962e+02
1373          	5.744960e+02
1374          	5.744957e+02
1375          	5.744954e+02
1376          	5.744951e+02
1377          	5.744947e+02
1378          	5.744943e+02
1379          	5.744939e+02
1380          	5.744934e+02
1381          	5.744930e+02
1382          	5.744924e+02
1383          	5.744919e+02
1384          	5.744914e+02
1385          	5.744908e+02
1386          	5.744902e+02
1387          	5.744895e+02
1388          	5.744889e+02
1389          	5.744882e+02
1390          	5.744875e+02
1391          	5.744867e+02
1392          	5.744859e+02
1393          	5.744851e+02
1394          	5.744843e+02
1395          	5.744835e+02
1396          	5.744826e+02
1397          	5.744817e+02
1398          	5.744808e+02
1399          	5.744800e+02
1400          	5.744791e+02
1401          	5.744782e+02
1402          	5.744773e+02
1403          	5.744765e+02
1404          	5.744756e+02
1405          	5.744748e+02
1406          	5.744741e+02
1407          	5.744733e+02
1408          	5.744726e+02
1409          	5.744720e+02
1410          	5.744714e+02
1411          	5.744708e+02
1412          	5.744702e+02
1413          	5.744697e+02
1414          	5.744693e+02
1415          	5.744688e+02
1416          	5.744685e+02
1417          	5.744681e+02
1418          	5.744679e+02
1419          	5.744676e+02
1420          	5.744674e+02
1421          	5.744673e+02
1422          	5.744671e+02
1423          	5.744671e+02
1424          	5.744671e+02
1425          	5.744671e+02
1426          	5.744671e+02
1427          	5.744671e+02
1428          	5.744672e+02
1429          	5.744673e+02
1430          	5.744674e+02
1431          	5.744676e+02
1432          	5.744678e+02
1433          	5.744680e+02
1434          	5.744682e+02
1435          	5.744685e+02
1436          	5.744687e+02
1437          	5.744690e+02
1438          	5.744693e+02
1439          	5.744696e+02
1440          	5.744699e+02
1441          	5.744703e+02
1442          	5.744706e+02
1443          	5.744710e+02
1444          	5.744714e+02
1445          	5.744718e+02
1446          	5.744722e+02
1447          	5.744726e+02
1448          	5.744730e+02
1449          	5.744735e+02
1450          	5.744739e+02
1451          	5.744744e+02
1452          	5.744748e+02
1453          	5.744753e+02
1454          	5.744758e+02
1455          	5.744762e+02
1456          	5.744767e+02
1457          	5.744772e+02
1458          	5.744777e+02
1459          	5.744781e+02
1460          	5.744786e+02
1461          	5.744790e+02
1462          	5.744794e+02
1463          	5.744797e+02
1464          	5.744801e+02
1465          	5.744804e+02
1466          	5.744806e+02
1467          	5.744809e+02
1468          	5.744811e+02
1469          	5.744814e+02
1470          	5.744816e+02
1471          	5.744819e+02
1472          	5.744821e+02
1473          	5.744824e+02
1474          	5.744826e+02
1475          	5.744829e+02
1476          	5.744832e+02
1477          	5.744835e+02
1478          	5.744838e+02
1479          	5.744842e+02
1480          	5.744846e+02
1481          	5.744850e+02
1482          	5.744854e+02
1483          	5.744858e+02
1484          	5.744862e+02
1485          	5.744866e+02
1486          	5.744870e+02
1487          	5.744874e+02
1488          	5.744878e+02
1489          	5.744882e+02
1490          	5.744887e+02
1491          	5.744891e+02
1492          	5.744896e+02
1493          	5.744900e+02
1494          	5.744905e+02
1495          	5.744910e+02
1496          	5.744915e+02
1497          	5.744921e+02
1498          	5.744927e+02
1499          	5.744933e+02
1500          	5.744939e+02
1501          	5.744945e+02
1502          	5.744951e+02
1503          	5.744957e+02
1504          	5.744963e+02
1505          	5.744970e+02
1506          	5.744976e+02
1507          	5.744982e+02
1508          	5.744988e+02
1509          	5.744994e+02
1510          	5.745000e+02
1511          	5.745006e+02
1512          	5.745011e+02
1513          	5.745016e+02
1514          	5.745021e+02
1515          	5.745026e+02
1516          	5.745030e+02
1517          	5.745035e+02
1518          	5.745039e+02
1519          	5.745043e+02
1520          	5.745046e+02
1521          	5.745049e+02
1522          	5.745052e+02
1523          	5.745054e+02
1524          	5.745056e+02
1525          	5.745057e+02
1526          	5.745058e+02
1527          	5.745058e+02
1528          	5.745058e+02
1529          	5.745057e+02
1530          	5.745056e+02
1531          	5.745053e+02
1532          	5.745051e+02
1533          	5.745048e+02
1534          	5.745045e+02
1535          	5.745040e+02
1536          	5.745036e+02
1537          	5.745030e+02
1538          	5.745024e+02
1539          	5.745018e+02
1540          	5.745010e+02
1541          	5.745002e+02
1542          	5.744993e+02
1543          	5.744984e+02
1544          	5.744974e+02
1545          	5.744963e+02
1546          	5.744952e+02
1547          	5.744941e+02
1548          	5.744929e+02
1549          	5.744917e+02
1550          	5.744905e+02
1551          	5.744893e+02
1552          	5.744880e+02
1553          	5.744867e+02
1554          	5.744854e+02
1555          	5.744840e+02
1556          	5.744827e+02
1557          	5.744813e+02
1558          	5.744798e+02
1559          	5.744784e+02
1560          	5.744770e+02
1561          	5.744757e+02
1562          	5.744743e+02
1563          	5.744729e+02
1564          	5.744716e+02
1565          	5.744702e+02
1566          	5.744689e+02
1567          	5.744676e+02
1568          	5.744663e+02
1569          	5.744650e+02
1570          	5.744637e+02
1571          	5.744624e+02
1572          	5.744611e+02
1573          	5.744598e+02
1574          	5.744586e+02
1575          	5.744573e+02
1576          	5.744560e+02
1577          	5.744548e+02
1578          	5.744536e+02
1579          	5.744524e+02
1580          	5.744512e+02
1581          	5.744500e+02
1582          	5.744488e+02
1583          	5.744477e+02
1584          	5.744466e+02
1585          	5.744456e+02
1586          	5.744445e+02
1587          	5.744435e+02
1588          	5.744426e+02
1589          	5.744417e+02
1590          	5.744408e+02
1591          	5.744400e+02
1592          	5.744392e+02
1593          	5.744385e+02
1594          	5.744378e+02
1595          	5.744372e+02
1596          	5.744366e+02
1597          	5.744361e+02
1598          	5.744356e+02
1599          	5.744351e+02
1600          	5.744347e+02
1601          	5.744342e+02
1602          	5.744338e+02
1603          	5.744335e+02
1604          	5.744331e+02
1605          	5.744327e+02
1606          	5.744324e+02
1607          	5.744321e+02
1608          	5.744318e+02
1609          	5.744316e+02
1610          	5.744314e+02
1611          	5.744312e+02
1612          	5.744311e+02
1613          	5.744310e+02
1614          	5.744309e+02
1615          	5.744308e+02
1616          	5.744307e+02
1617          	5.744306e+02
1618          	5.744306e+02
1619          	5.744306e+02
1620          	5.744305e+02
1621          	5.744305e+02
1622          	5.744304e+02
1623          	5.744304e+02
1624          	5.744304e+02
1625          	5.744305e+02
1626          	5.744305e+02
1627          	5.744306e+02
1628          	5.744306e+02
1629          	5.744307e+02
1630          	5.744308e+02
1631          	5.744309e+02
1632          	5.744310e+02
1633          	5.744312e+02
1634          	5.744314e+02
1635          	5.744316e+02
1636          	5.744318e+02
1637          	5.744321e+02
1638          	5.744324e+02
1639          	5.744327e+02
1640          	5.744331e+02
1641          	5.744334e+02
1642          	5.744338e+02
1643          	5.744341e+02
1644          	5.744344e+02
1645          	5.744347e+02
1646          	5.744350e+02
1647          	5.744352e+02
1648          	5.744355e+02
1649          	5.744358e+02
1650          	5.744361e+02
1651          	5.744364e+02
1652          	5.744367e+02
1653          	5.744371e+02
1654          	5.744375e+02
1655          	5.744379e+02
1656          	5.744384e+02
1657          	5.744389e+02
1658          	5.744394e+02
1659          	5.744400e+02
1660          	5.744405e+02
1661          	5.744411e+02
1662          	5.744418e+02
1663          	5.744424e+02
1664          	5.744430e+02
1665          	5.744437e+02
1666          	5.744443e+02
1667          	5.744449e+02
1668          	5.744456e+02
1669          	5.744461e+02
1670          	5.744467e+02
1671          	5.744473e+02
1672          	5.744479e+02
1673          	5.744485e+02
1674          	5.744491e+02
1675          	5.744497e+02
1676          	5.744503e+02
1677          	5.744510e+02
1678          	5.744516e+02
1679          	5.744523e+02
1680          	5.744530e+02
1681          	5.744536e+02
1682          	5.744543e+02
1683          	5.744549e+02
1684          	5.744555e+02
1685          	5.744562e+02
1686          	5.744567e+02
1687          	5.744573e+02
1688          	5.744579e+02
1689          	5.744585e+02
1690          	5.744590e+02
1691          	5.744596e+02
1692          	5.744602e+02
1693          	5.744607e+02
1694          	5.744612e+02
1695          	5.744618e+02
1696          	5.744623e+02
1697          	5.744629e+02
1698          	5.744634e+02
1699          	5.744639e+02
1700          	5.744645e+02
1701          	5.744650e+02
1702          	5.744656e+02
1703          	5.744661e+02
1704          	5.744667e+02
1705          	5.744673e+02
1706          	5.744678e+02
1707          	5.744684e+02
1708          	5.744690e+02
1709          	5.744695e+02
1710          	5.744701e+02
1711          	5.744707e+02
1712          	5.744713e+02
1713          	5.744718e+02
1714          	5.744724e+02
1715          	5.744730e+02
1716          	5.744735e+02
1717          	5.744741e+02
1718          	5.744747e+02
1719          	5.744752e+02
1720          	5.744758e+02
1721          	5.744764e+02
1722          	5.744770e+02
1723          	5.744776e+02
1724          	5.744782e+02
1725          	5.744788e+02
1726          	5.744795e+02
1727          	5.744801e+02
1728          	5.744808e+02
1729          	5.744814e+02
1730          	5.744821e+02
1731          	5.744828e+02
1732          	5.744834e+02
1733          	5.744841e+02
1734          	5.744848e+02
1735          	5.744855e+02
1736          	5.744863e+02
1737          	5.744870e+02
1738          	5.744877e+02
1739          	5.744884e+02
1740          	5.744892e+02
1741          	5.744899e+02
1742          	5.744906e+02
1743          	5.744913e+02
1744          	5.744921e+02
1745          	5.744928e+02
1746          	5.744935e+02
1747          	5.744942e+02
1748          	5.744949e+02
1749          	5.744957e+02
1750          	5.744964e+02
1751          	5.744971e+02
1752          	5.744978e+02
1753          	5.744985e+02
1754          	5.744992e+02
1755          	5.745000e+02
1756          	5.745007e+02
1757          	5.745014e+02
1758          	5.745022e+02
1759          	5.745029e+02
1760          	5.745036e+02
1761          	5.745044e+02
1762          	5.745051e+02
1763          	5.745058e+02
1764          	5.745066e+02
1765          	5.745073e+02
1766          	5.745080e+02
1767          	5.745088e+02
1768          	5.745095e+02
1769          	5.745103e+02
1770          	5.745111e+02
1771          	5.745119e+02
1772          	5.745126e+02
1773          	5.745134e+02
1774          	5.745142e+02
1775          	5.745150e+02
1776          	5.745158e+02
1777          	5.745165e+02
1778          	5.745172e+02
1779          	5.745180e+02
1780          	5.745186e+02
1781          	5.745193e+02
1782          	5.745199e+02
1783          	5.745205e+02
1784          	5.745211e+02
1785          	5.745216e+02
1786          	5.745221e+02
1787          	5.745224e+02
1788          	5.745227e+02
1789          	5.745230e+02
1790          	5.745232e+02
1791          	5.745234e+02
1792          	5.745235e+02
1793          	5.745235e+02
1794          	5.745234e+02
1795          	5.745233e+02
1796          	5.745231e+02
1797          	5.745229e+02
1798          	5.745225e+02
1799          	5.745221e+02
1800          	5.745217e+02
1801          	5.745211e+02
1802          	5.745205e+02
1803          	5.745198e+02
1804          	5.745190e+02
1805          	5.745181e+02
1806          	5.745172e+02
1807          	5.745162e+02
1808          	5.745151e+02
1809          	5.745139e+02
1810          	5.745126e+02
1811          	5.745113e+02
1812          	5.745099e+02
1813          	5.745084e+02
1814          	5.745069e+02
1815          	5.745053e+02
1816          	5.745037e+02
1817          	5.745021e+02
1818          	5.745004e+02
1819          	5.744986e+02
1820          	5.744969e+02
1821          	5.744951e+02
1822          	5.744932e+02
1823          	5.744913e+02
1824          	5.744894e+02
1825          	5.744874e+02
1826          	5.744855e+02
1827          	5.744836e+02
1828          	5.744816e+02
1829          	5.744797e+02
1830          	5.744778e+02
1831          	5.744760e+02
1832          	5.744742e+02
1833          	5.744724e+02
1834          	5.744706e+02
1835          	5.744689e+02
1836          	5.744672e+02
1837          	5.744655e+02
1838          	5.744639e+02
1839          	5.744623e+02
1840          	5.744608e+02
1841          	5.744594e+02
1842          	5.744579e+02
1843          	5.744566e+02
1844          	5.744553e+02
1845          	5.744541e+02
1846          	5.744530e+02
1847          	5.744519e+02
1848          	5.744509e+02
1849          	5.744500e+02
1850          	5.744492e+02
1851          	5.744484e+02
1852          	5.744477e+02
1853          	5.744471e+02
1854          	5.744466e+02
1855          	5.744461e+02
1856          	5.744457e+02
1857          	5.744453e+02
1858          	5.744450e+02
1859          	5.744447e+02
1860          	5.744445e+02
1861          	5.744443e+02
1862          	5.744442e+02
1863          	5.744441e+02
1864          	5.744440e+02
1865          	5.744440e+02
1866          	5.744440e+02
1867          	5.744440e+02
1868          	5.744441e+02
1869          	5.744441e+02
1870          	5.744441e+02
1871          	5.744442e+02
1872          	5.744442e+02
1873          	5.744443e+02
1874          	5.744443e+02
1875          	5.744444e+02
1876          	5.744444e+02
1877          	5.744445e+02
1878          	5.744446e+02
1879          	5.744447e+02
1880          	5.744448e+02
1881          	5.744449e+02
1882          	5.744451e+02
1883          	5.744453e+02
1884          	5.744455e+02
1885          	5.744458e+02
1886          	5.744461e+02
1887          	5.744465e+02
1888          	5.744469e+02
1889          	5.744472e+02
1890          	5.744476e+02
1891          	5.744479e+02
1892          	5.744482e+02
1893          	5.744485e+02
1894          	5.744487e+02
1895          	5.744490e+02
1896          	5.744493e+02
1897          	5.744495e+02
1898          	5.744498e+02
1899          	5.744501e+02
1900          	5.744504e+02
1901          	5.744508e+02
1902          	5.744511e+02
1903          	5.744515e+02
1904          	5.744519e+02
1905          	5.744523e+02
1906          	5.744528e+02
1907          	5.744533e+02
1908          	5.744538e+02
1909          	5.744543e+02
1910          	5.744548e+02
1911          	5.744553e+02
1912          	5.744559e+02
1913          	5.744564e+02
1914          	5.744569e+02
1915          	5.744575e+02
1916          	5.744580e+02
1917          	5.744584e+02
1918          	5.744589e+02
1919          	5.744594e+02
1920          	5.744599e+02
1921          	5.744605e+02
1922          	5.744610e+02
1923          	5.744616e+02
1924          	5.744622e+02
1925          	5.744628e+02
1926          	5.744634e+02
1927          	5.744640e+02
1928          	5.744646e+02
1929          	5.744652e+02
1930          	5.744658e+02
1931          	5.744663e+02
1932          	5.744668e+02
1933          	5.744674e+02
1934          	5.744679e+02
1935          	5.744684e+02
1936          	5.744688e+02
1937          	5.744693e+02
1938          	5.744698e+02
1939          	5.744702e+02
1940          	5.744707e+02
1941          	5.744711e+02
1942          	5.744715e+02
1943          	5.744720e+02
1944          	5.744724e+02
1945          	5.744729e+02
1946          	5.744733e+02
1947          	5.744737e+02
1948          	5.744742e+02
1949          	5.744746e+02
1950          	5.744751e+02
1951          	5.744755e+02
1952          	5.744760e+02
1953          	5.744764e+02
1954          	5.744769e+02
1955          	5.744774e+02
1956          	5.744779e+02
1957          	5.744784e+02
1958          	5.744788e+02
1959          	5.744793e+02
1960          	5.744798e+02
1961          	5.744803e+02
1962          	5.744808e+02
1963          	5.744813e+02
1964          	5.744818e+02
1965          	5.744823e+02
1966          	5.744828e+02
1967          	5.744833e+02
1968          	5.744838e+02
1969          	5.744843e+02
1970          	5.744848e+02
1971          	5.744854e+02
1972          	5.744859e+02
1973          	5.744865e+02
1974          	5.744870e+02
1975          	5.744876e+02
1976          	5.744881e+02
1977          	5.744887e+02
1978          	5.744893e+02
1979          	5.744899e+02
1980          	5.744904e+02
1981          	5.744910e+02
1982          	5.744916e+02
1983          	5.744922e+02
1984          	5.744928e+02
1985          	5.744934e+02
1986          	5.744940e+02
1987          	5.744946e+02
1988          	5.744952e+02
1989          	5.744958e+02
1990          	5.744964e+02
1991          	5.744970e+02
1992          	5.744977e+02
1993          	5.744983e+02
1994          	5.744989e+02
1995          	5.744995e+02
1996          	5.745001e+02
1997          	5.745007e+02
1998          	5.745013e+02
1999          	5.745020e+02
2000          	5.745026e+02
