# Region      : all 
# Cells       : 2668
# Volume      : 4.095121e-06
# Time        	volAverage(T)
0             	2.969000e+02
1             	2.969000e+02
2             	2.992531e+02
3             	3.015727e+02
4             	3.038899e+02
5             	3.061911e+02
6             	3.084741e+02
7             	3.107371e+02
8             	3.129799e+02
9             	3.152021e+02
10            	3.174041e+02
11            	3.195859e+02
12            	3.217480e+02
13            	3.238908e+02
14            	3.260144e+02
15            	3.281193e+02
16            	3.302055e+02
17            	3.322735e+02
18            	3.343235e+02
19            	3.363559e+02
20            	3.383708e+02
21            	3.403684e+02
22            	3.423489e+02
23            	3.443124e+02
24            	3.462592e+02
25            	3.481893e+02
26            	3.501029e+02
27            	3.520001e+02
28            	3.538810e+02
29            	3.557457e+02
30            	3.575943e+02
31            	3.594263e+02
32            	3.612416e+02
33            	3.630404e+02
34            	3.648226e+02
35            	3.665886e+02
36            	3.683386e+02
37            	3.700724e+02
38            	3.717903e+02
39            	3.734923e+02
40            	3.751788e+02
41            	3.768499e+02
42            	3.785057e+02
43            	3.801465e+02
44            	3.817724e+02
45            	3.833834e+02
46            	3.849796e+02
47            	3.865612e+02
48            	3.881284e+02
49            	3.896813e+02
50            	3.912201e+02
51            	3.927448e+02
52            	3.942556e+02
53            	3.957527e+02
54            	3.972361e+02
55            	3.987060e+02
56            	4.001625e+02
57            	4.016058e+02
58            	4.030359e+02
59            	4.044529e+02
60            	4.058569e+02
61            	4.072482e+02
62            	4.086268e+02
63            	4.099928e+02
64            	4.113463e+02
65            	4.126875e+02
66            	4.140163e+02
67            	4.153331e+02
68            	4.166378e+02
69            	4.179307e+02
70            	4.192118e+02
71            	4.204813e+02
72            	4.217393e+02
73            	4.229857e+02
74            	4.242208e+02
75            	4.254445e+02
76            	4.266570e+02
77            	4.278584e+02
78            	4.290488e+02
79            	4.302283e+02
80            	4.313969e+02
81            	4.325549e+02
82            	4.337023e+02
83            	4.348391e+02
84            	4.359655e+02
85            	4.370816e+02
86            	4.381874e+02
87            	4.392832e+02
88            	4.403690e+02
89            	4.414448e+02
90            	4.425108e+02
91            	4.435670e+02
92            	4.446135e+02
93            	4.456505e+02
94            	4.466779e+02
95            	4.476960e+02
96            	4.487046e+02
97            	4.497040e+02
98            	4.506942e+02
99            	4.516754e+02
100           	4.526475e+02
101           	4.536107e+02
102           	4.545650e+02
103           	4.555105e+02
104           	4.564474e+02
105           	4.573756e+02
106           	4.582953e+02
107           	4.592066e+02
108           	4.601094e+02
109           	4.610039e+02
110           	4.618902e+02
111           	4.627682e+02
112           	4.636382e+02
113           	4.645002e+02
114           	4.653542e+02
115           	4.662003e+02
116           	4.670386e+02
117           	4.678691e+02
118           	4.686919e+02
119           	4.695071e+02
120           	4.703148e+02
121           	4.711149e+02
122           	4.719076e+02
123           	4.726929e+02
124           	4.734710e+02
125           	4.742417e+02
126           	4.750053e+02
127           	4.757618e+02
128           	4.765112e+02
129           	4.772537e+02
130           	4.779892e+02
131           	4.787178e+02
132           	4.794397e+02
133           	4.801548e+02
134           	4.808632e+02
135           	4.815650e+02
136           	4.822602e+02
137           	4.829489e+02
138           	4.836312e+02
139           	4.843071e+02
140           	4.849767e+02
141           	4.856399e+02
142           	4.862970e+02
143           	4.869480e+02
144           	4.875928e+02
145           	4.882316e+02
146           	4.888644e+02
147           	4.894913e+02
148           	4.901123e+02
149           	4.907275e+02
150           	4.913369e+02
151           	4.919407e+02
152           	4.925387e+02
153           	4.931311e+02
154           	4.937180e+02
155           	4.942993e+02
156           	4.948752e+02
157           	4.954457e+02
158           	4.960108e+02
159           	4.965706e+02
160           	4.971251e+02
161           	4.976744e+02
162           	4.982185e+02
163           	4.987575e+02
164           	4.992914e+02
165           	4.998204e+02
166           	5.003443e+02
167           	5.008633e+02
168           	5.013774e+02
169           	5.018867e+02
170           	5.023912e+02
171           	5.028909e+02
172           	5.033859e+02
173           	5.038763e+02
174           	5.043620e+02
175           	5.048431e+02
176           	5.053197e+02
177           	5.057918e+02
178           	5.062594e+02
179           	5.067227e+02
180           	5.071815e+02
181           	5.076360e+02
182           	5.080863e+02
183           	5.085323e+02
184           	5.089741e+02
185           	5.094117e+02
186           	5.098452e+02
187           	5.102746e+02
188           	5.107000e+02
189           	5.111213e+02
190           	5.115387e+02
191           	5.119521e+02
192           	5.123617e+02
193           	5.127674e+02
194           	5.131693e+02
195           	5.135674e+02
196           	5.139617e+02
197           	5.143523e+02
198           	5.147393e+02
199           	5.151226e+02
200           	5.155023e+02
201           	5.158784e+02
202           	5.162509e+02
203           	5.166199e+02
204           	5.169854e+02
205           	5.173475e+02
206           	5.177061e+02
207           	5.180613e+02
208           	5.184132e+02
209           	5.187617e+02
210           	5.191069e+02
211           	5.194488e+02
212           	5.197874e+02
213           	5.201228e+02
214           	5.204550e+02
215           	5.207841e+02
216           	5.211101e+02
217           	5.214330e+02
218           	5.217528e+02
219           	5.220696e+02
220           	5.223833e+02
221           	5.226942e+02
222           	5.230020e+02
223           	5.233070e+02
224           	5.236090e+02
225           	5.239081e+02
226           	5.242045e+02
227           	5.244980e+02
228           	5.247887e+02
229           	5.250767e+02
230           	5.253619e+02
231           	5.256445e+02
232           	5.259243e+02
233           	5.262016e+02
234           	5.264762e+02
235           	5.267482e+02
236           	5.270176e+02
237           	5.272845e+02
238           	5.275489e+02
239           	5.278107e+02
240           	5.280701e+02
241           	5.283270e+02
242           	5.285815e+02
243           	5.288335e+02
244           	5.290832e+02
245           	5.293305e+02
246           	5.295755e+02
247           	5.298181e+02
248           	5.300584e+02
249           	5.302964e+02
250           	5.305322e+02
251           	5.307658e+02
252           	5.309971e+02
253           	5.312262e+02
254           	5.314532e+02
255           	5.316780e+02
256           	5.319007e+02
257           	5.321213e+02
258           	5.323397e+02
259           	5.325561e+02
260           	5.327705e+02
261           	5.329828e+02
262           	5.331931e+02
263           	5.334014e+02
264           	5.336077e+02
265           	5.338121e+02
266           	5.340145e+02
267           	5.342150e+02
268           	5.344136e+02
269           	5.346103e+02
270           	5.348051e+02
271           	5.349981e+02
272           	5.351892e+02
273           	5.353785e+02
274           	5.355661e+02
275           	5.357518e+02
276           	5.359358e+02
277           	5.361180e+02
278           	5.362985e+02
279           	5.364773e+02
280           	5.366544e+02
281           	5.368298e+02
282           	5.370035e+02
283           	5.371756e+02
284           	5.373461e+02
285           	5.375149e+02
286           	5.376821e+02
287           	5.378478e+02
288           	5.380118e+02
289           	5.381743e+02
290           	5.383353e+02
291           	5.384947e+02
292           	5.386526e+02
293           	5.388090e+02
294           	5.389640e+02
295           	5.391174e+02
296           	5.392694e+02
297           	5.394200e+02
298           	5.395691e+02
299           	5.397168e+02
300           	5.398631e+02
301           	5.400080e+02
302           	5.401515e+02
303           	5.402937e+02
304           	5.404345e+02
305           	5.405740e+02
306           	5.407121e+02
307           	5.408490e+02
308           	5.409845e+02
309           	5.411188e+02
310           	5.412518e+02
311           	5.413835e+02
312           	5.415139e+02
313           	5.416432e+02
314           	5.417712e+02
315           	5.418979e+02
316           	5.420235e+02
317           	5.421479e+02
318           	5.422711e+02
319           	5.423931e+02
320           	5.425140e+02
321           	5.426337e+02
322           	5.427523e+02
323           	5.428698e+02
324           	5.429862e+02
325           	5.431014e+02
326           	5.432156e+02
327           	5.433286e+02
328           	5.434407e+02
329           	5.435516e+02
330           	5.436615e+02
331           	5.437704e+02
332           	5.438782e+02
333           	5.439851e+02
334           	5.440909e+02
335           	5.441957e+02
336           	5.442996e+02
337           	5.444024e+02
338           	5.445043e+02
339           	5.446053e+02
340           	5.447053e+02
341           	5.448043e+02
342           	5.449024e+02
343           	5.449996e+02
344           	5.450959e+02
345           	5.451912e+02
346           	5.452857e+02
347           	5.453792e+02
348           	5.454719e+02
349           	5.455637e+02
350           	5.456546e+02
351           	5.457447e+02
352           	5.458339e+02
353           	5.459222e+02
354           	5.460097e+02
355           	5.460964e+02
356           	5.461823e+02
357           	5.462674e+02
358           	5.463517e+02
359           	5.464352e+02
360           	5.465179e+02
361           	5.465998e+02
362           	5.466810e+02
363           	5.467614e+02
364           	5.468410e+02
365           	5.469200e+02
366           	5.469981e+02
367           	5.470756e+02
368           	5.471523e+02
369           	5.472283e+02
370           	5.473037e+02
371           	5.473783e+02
372           	5.474522e+02
373           	5.475254e+02
374           	5.475980e+02
375           	5.476699e+02
376           	5.477411e+02
377           	5.478116e+02
378           	5.478815e+02
379           	5.479507e+02
380           	5.480193e+02
381           	5.480873e+02
382           	5.481546e+02
383           	5.482213e+02
384           	5.482874e+02
385           	5.483528e+02
386           	5.484177e+02
387           	5.484819e+02
388           	5.485455e+02
389           	5.486086e+02
390           	5.486711e+02
391           	5.487329e+02
392           	5.487942e+02
393           	5.488550e+02
394           	5.489152e+02
395           	5.489748e+02
396           	5.490338e+02
397           	5.490923e+02
398           	5.491503e+02
399           	5.492077e+02
400           	5.492646e+02
401           	5.493209e+02
402           	5.493768e+02
403           	5.494321e+02
404           	5.494869e+02
405           	5.495411e+02
406           	5.495949e+02
407           	5.496482e+02
408           	5.497010e+02
409           	5.497533e+02
410           	5.498051e+02
411           	5.498564e+02
412           	5.499072e+02
413           	5.499576e+02
414           	5.500075e+02
415           	5.500570e+02
416           	5.501059e+02
417           	5.501545e+02
418           	5.502026e+02
419           	5.502502e+02
420           	5.502974e+02
421           	5.503442e+02
422           	5.503906e+02
423           	5.504365e+02
424           	5.504820e+02
425           	5.505270e+02
426           	5.505716e+02
427           	5.506159e+02
428           	5.506597e+02
429           	5.507030e+02
430           	5.507460e+02
431           	5.507886e+02
432           	5.508307e+02
433           	5.508725e+02
434           	5.509138e+02
435           	5.509548e+02
436           	5.509953e+02
437           	5.510354e+02
438           	5.510752e+02
439           	5.511145e+02
440           	5.511534e+02
441           	5.511920e+02
442           	5.512302e+02
443           	5.512680e+02
444           	5.513054e+02
445           	5.513425e+02
446           	5.513792e+02
447           	5.514155e+02
448           	5.514515e+02
449           	5.514871e+02
450           	5.515224e+02
451           	5.515574e+02
452           	5.515920e+02
453           	5.516263e+02
454           	5.516602e+02
455           	5.516939e+02
456           	5.517272e+02
457           	5.517602e+02
458           	5.517929e+02
459           	5.518253e+02
460           	5.518575e+02
461           	5.518893e+02
462           	5.519209e+02
463           	5.519522e+02
464           	5.519832e+02
465           	5.520139e+02
466           	5.520444e+02
467           	5.520746e+02
468           	5.521046e+02
469           	5.521343e+02
470           	5.521637e+02
471           	5.521929e+02
472           	5.522218e+02
473           	5.522505e+02
474           	5.522790e+02
475           	5.523072e+02
476           	5.523351e+02
477           	5.523629e+02
478           	5.523904e+02
479           	5.524177e+02
480           	5.524447e+02
481           	5.524715e+02
482           	5.524981e+02
483           	5.525245e+02
484           	5.525506e+02
485           	5.525765e+02
486           	5.526022e+02
487           	5.526276e+02
488           	5.526528e+02
489           	5.526777e+02
490           	5.527025e+02
491           	5.527270e+02
492           	5.527512e+02
493           	5.527753e+02
494           	5.527991e+02
495           	5.528227e+02
496           	5.528461e+02
497           	5.528692e+02
498           	5.528921e+02
499           	5.529149e+02
500           	5.529374e+02
501           	5.529597e+02
502           	5.529817e+02
503           	5.530036e+02
504           	5.530253e+02
505           	5.530468e+02
506           	5.530680e+02
507           	5.530891e+02
508           	5.531100e+02
509           	5.531306e+02
510           	5.531511e+02
511           	5.531714e+02
512           	5.531915e+02
513           	5.532114e+02
514           	5.532311e+02
515           	5.532506e+02
516           	5.532699e+02
517           	5.532891e+02
518           	5.533080e+02
519           	5.533268e+02
520           	5.533454e+02
521           	5.533638e+02
522           	5.533821e+02
523           	5.534001e+02
524           	5.534180e+02
525           	5.534357e+02
526           	5.534533e+02
527           	5.534706e+02
528           	5.534878e+02
529           	5.535049e+02
530           	5.535218e+02
531           	5.535385e+02
532           	5.535550e+02
533           	5.535714e+02
534           	5.535876e+02
535           	5.536037e+02
536           	5.536196e+02
537           	5.536354e+02
538           	5.536510e+02
539           	5.536664e+02
540           	5.536817e+02
541           	5.536969e+02
542           	5.537119e+02
543           	5.537268e+02
544           	5.537415e+02
545           	5.537561e+02
546           	5.537705e+02
547           	5.537848e+02
548           	5.537990e+02
549           	5.538130e+02
550           	5.538268e+02
551           	5.538406e+02
552           	5.538542e+02
553           	5.538677e+02
554           	5.538810e+02
555           	5.538942e+02
556           	5.539073e+02
557           	5.539203e+02
558           	5.539331e+02
559           	5.539458e+02
560           	5.539584e+02
561           	5.539708e+02
562           	5.539832e+02
563           	5.539954e+02
564           	5.540075e+02
565           	5.540195e+02
566           	5.540313e+02
567           	5.540431e+02
568           	5.540547e+02
569           	5.540662e+02
570           	5.540776e+02
571           	5.540889e+02
572           	5.541001e+02
573           	5.541111e+02
574           	5.541221e+02
575           	5.541330e+02
576           	5.541437e+02
577           	5.541543e+02
578           	5.541649e+02
579           	5.541753e+02
580           	5.541857e+02
581           	5.541959e+02
582           	5.542060e+02
583           	5.542161e+02
584           	5.542260e+02
585           	5.542358e+02
586           	5.542456e+02
587           	5.542552e+02
588           	5.542648e+02
589           	5.542742e+02
590           	5.542836e+02
591           	5.542929e+02
592           	5.543020e+02
593           	5.543111e+02
594           	5.543201e+02
595           	5.543290e+02
596           	5.543379e+02
597           	5.543466e+02
598           	5.543553e+02
599           	5.543638e+02
600           	5.543723e+02
601           	5.543807e+02
602           	5.543890e+02
603           	5.543973e+02
604           	5.544054e+02
605           	5.544135e+02
606           	5.544215e+02
607           	5.544294e+02
608           	5.544373e+02
609           	5.544451e+02
610           	5.544527e+02
611           	5.544604e+02
612           	5.544679e+02
613           	5.544754e+02
614           	5.544828e+02
615           	5.544901e+02
616           	5.544973e+02
617           	5.545045e+02
618           	5.545116e+02
619           	5.545187e+02
620           	5.545256e+02
621           	5.545325e+02
622           	5.545394e+02
623           	5.545461e+02
624           	5.545528e+02
625           	5.545595e+02
626           	5.545660e+02
627           	5.545725e+02
628           	5.545790e+02
629           	5.545854e+02
630           	5.545917e+02
631           	5.545979e+02
632           	5.546041e+02
633           	5.546103e+02
634           	5.546163e+02
635           	5.546224e+02
636           	5.546283e+02
637           	5.546342e+02
638           	5.546401e+02
639           	5.546458e+02
640           	5.546516e+02
641           	5.546572e+02
642           	5.546629e+02
643           	5.546684e+02
644           	5.546739e+02
645           	5.546794e+02
646           	5.546848e+02
647           	5.546901e+02
648           	5.546954e+02
649           	5.547007e+02
650           	5.547058e+02
651           	5.547110e+02
652           	5.547161e+02
653           	5.547211e+02
654           	5.547261e+02
655           	5.547311e+02
656           	5.547360e+02
657           	5.547408e+02
658           	5.547456e+02
659           	5.547504e+02
660           	5.547551e+02
661           	5.547597e+02
662           	5.547643e+02
663           	5.547689e+02
664           	5.547734e+02
665           	5.547779e+02
666           	5.547823e+02
667           	5.547867e+02
668           	5.547911e+02
669           	5.547954e+02
670           	5.547997e+02
671           	5.548039e+02
672           	5.548081e+02
673           	5.548122e+02
674           	5.548163e+02
675           	5.548204e+02
676           	5.548244e+02
677           	5.548284e+02
678           	5.548323e+02
679           	5.548363e+02
680           	5.548401e+02
681           	5.548440e+02
682           	5.548477e+02
683           	5.548515e+02
684           	5.548552e+02
685           	5.548589e+02
686           	5.548626e+02
687           	5.548662e+02
688           	5.548697e+02
689           	5.548733e+02
690           	5.548768e+02
691           	5.548803e+02
692           	5.548837e+02
693           	5.548871e+02
694           	5.548905e+02
695           	5.548938e+02
696           	5.548971e+02
697           	5.549004e+02
698           	5.549037e+02
699           	5.549069e+02
700           	5.549101e+02
701           	5.549132e+02
702           	5.549163e+02
703           	5.549194e+02
704           	5.549225e+02
705           	5.549255e+02
706           	5.549285e+02
707           	5.549315e+02
708           	5.549344e+02
709           	5.549373e+02
710           	5.549402e+02
711           	5.549431e+02
712           	5.549459e+02
713           	5.549487e+02
714           	5.549515e+02
715           	5.549542e+02
716           	5.549569e+02
717           	5.549596e+02
718           	5.549623e+02
719           	5.549649e+02
720           	5.549676e+02
721           	5.549701e+02
722           	5.549727e+02
723           	5.549753e+02
724           	5.549778e+02
725           	5.549803e+02
726           	5.549827e+02
727           	5.549852e+02
728           	5.549876e+02
729           	5.549900e+02
730           	5.549924e+02
731           	5.549947e+02
732           	5.549970e+02
733           	5.549993e+02
734           	5.550016e+02
735           	5.550039e+02
736           	5.550061e+02
737           	5.550083e+02
738           	5.550105e+02
739           	5.550127e+02
740           	5.550149e+02
741           	5.550170e+02
742           	5.550191e+02
743           	5.550212e+02
744           	5.550233e+02
745           	5.550253e+02
746           	5.550273e+02
747           	5.550294e+02
748           	5.550313e+02
749           	5.550333e+02
750           	5.550353e+02
751           	5.550372e+02
752           	5.550391e+02
753           	5.550410e+02
754           	5.550429e+02
755           	5.550447e+02
756           	5.550466e+02
757           	5.550484e+02
758           	5.550502e+02
759           	5.550520e+02
760           	5.550538e+02
761           	5.550555e+02
762           	5.550573e+02
763           	5.550590e+02
764           	5.550607e+02
765           	5.550624e+02
766           	5.550640e+02
767           	5.550657e+02
768           	5.550673e+02
769           	5.550690e+02
770           	5.550706e+02
771           	5.550722e+02
772           	5.550737e+02
773           	5.550753e+02
774           	5.550768e+02
775           	5.550784e+02
776           	5.550799e+02
777           	5.550814e+02
778           	5.550829e+02
779           	5.550843e+02
780           	5.550858e+02
781           	5.550872e+02
782           	5.550887e+02
783           	5.550901e+02
784           	5.550915e+02
785           	5.550929e+02
786           	5.550942e+02
787           	5.550956e+02
788           	5.550970e+02
789           	5.550983e+02
790           	5.550996e+02
791           	5.551009e+02
792           	5.551022e+02
793           	5.551035e+02
794           	5.551048e+02
795           	5.551060e+02
796           	5.551073e+02
797           	5.551085e+02
798           	5.551097e+02
799           	5.551109e+02
800           	5.551121e+02
801           	5.551133e+02
802           	5.551145e+02
803           	5.551157e+02
804           	5.551168e+02
805           	5.551180e+02
806           	5.551191e+02
807           	5.551202e+02
808           	5.551213e+02
809           	5.551224e+02
810           	5.551235e+02
811           	5.551246e+02
812           	5.551257e+02
813           	5.551267e+02
814           	5.551278e+02
815           	5.551288e+02
816           	5.551298e+02
817           	5.551308e+02
818           	5.551319e+02
819           	5.551328e+02
820           	5.551338e+02
821           	5.551348e+02
822           	5.551358e+02
823           	5.551367e+02
824           	5.551377e+02
825           	5.551386e+02
826           	5.551396e+02
827           	5.551405e+02
828           	5.551414e+02
829           	5.551423e+02
830           	5.551432e+02
831           	5.551441e+02
832           	5.551450e+02
833           	5.551458e+02
834           	5.551467e+02
835           	5.551475e+02
836           	5.551484e+02
837           	5.551492e+02
838           	5.551501e+02
839           	5.551509e+02
840           	5.551517e+02
841           	5.551525e+02
842           	5.551533e+02
843           	5.551541e+02
844           	5.551549e+02
845           	5.551556e+02
846           	5.551564e+02
847           	5.551572e+02
848           	5.551579e+02
849           	5.551587e+02
850           	5.551594e+02
851           	5.551601e+02
852           	5.551608e+02
853           	5.551616e+02
854           	5.551623e+02
855           	5.551630e+02
856           	5.551637e+02
857           	5.551644e+02
858           	5.551650e+02
859           	5.551657e+02
860           	5.551664e+02
861           	5.551670e+02
862           	5.551677e+02
863           	5.551684e+02
864           	5.551690e+02
865           	5.551696e+02
866           	5.551703e+02
867           	5.551709e+02
868           	5.551715e+02
869           	5.551721e+02
870           	5.551727e+02
871           	5.551733e+02
872           	5.551739e+02
873           	5.551745e+02
874           	5.551751e+02
875           	5.551757e+02
876           	5.551762e+02
877           	5.551768e+02
878           	5.551774e+02
879           	5.551779e+02
880           	5.551785e+02
881           	5.551790e+02
882           	5.551796e+02
883           	5.551801e+02
884           	5.551806e+02
885           	5.551812e+02
886           	5.551817e+02
887           	5.551822e+02
888           	5.551827e+02
889           	5.551832e+02
890           	5.551837e+02
891           	5.551842e+02
892           	5.551847e+02
893           	5.551852e+02
894           	5.551857e+02
895           	5.551861e+02
896           	5.551866e+02
897           	5.551871e+02
898           	5.551875e+02
899           	5.551880e+02
900           	5.551884e+02
901           	5.551889e+02
902           	5.551893e+02
903           	5.551898e+02
904           	5.551902e+02
905           	5.551906e+02
906           	5.551911e+02
907           	5.551915e+02
908           	5.551919e+02
909           	5.551923e+02
910           	5.551927e+02
911           	5.551931e+02
912           	5.551936e+02
913           	5.551940e+02
914           	5.551943e+02
915           	5.551947e+02
916           	5.551951e+02
917           	5.551955e+02
918           	5.551959e+02
919           	5.551963e+02
920           	5.551966e+02
921           	5.551970e+02
922           	5.551974e+02
923           	5.551977e+02
924           	5.551981e+02
925           	5.551985e+02
926           	5.551988e+02
927           	5.551992e+02
928           	5.551995e+02
929           	5.551998e+02
930           	5.552002e+02
931           	5.552005e+02
932           	5.552009e+02
933           	5.552012e+02
934           	5.552015e+02
935           	5.552018e+02
936           	5.552022e+02
937           	5.552025e+02
938           	5.552028e+02
939           	5.552031e+02
940           	5.552034e+02
941           	5.552037e+02
942           	5.552040e+02
943           	5.552043e+02
944           	5.552046e+02
945           	5.552049e+02
946           	5.552052e+02
947           	5.552055e+02
948           	5.552058e+02
949           	5.552060e+02
950           	5.552063e+02
951           	5.552066e+02
952           	5.552069e+02
953           	5.552071e+02
954           	5.552074e+02
955           	5.552077e+02
956           	5.552079e+02
957           	5.552082e+02
958           	5.552085e+02
959           	5.552087e+02
960           	5.552090e+02
961           	5.552092e+02
962           	5.552095e+02
963           	5.552097e+02
964           	5.552099e+02
965           	5.552102e+02
966           	5.552104e+02
967           	5.552107e+02
968           	5.552109e+02
969           	5.552111e+02
970           	5.552114e+02
971           	5.552116e+02
972           	5.552118e+02
973           	5.552120e+02
974           	5.552123e+02
975           	5.552125e+02
976           	5.552127e+02
977           	5.552129e+02
978           	5.552131e+02
979           	5.552133e+02
980           	5.552135e+02
981           	5.552137e+02
982           	5.552140e+02
983           	5.552142e+02
984           	5.552144e+02
985           	5.552146e+02
986           	5.552148e+02
987           	5.552149e+02
988           	5.552151e+02
989           	5.552153e+02
990           	5.552155e+02
991           	5.552157e+02
992           	5.552159e+02
993           	5.552161e+02
994           	5.552163e+02
995           	5.552164e+02
996           	5.552166e+02
997           	5.552168e+02
998           	5.552170e+02
999           	5.552171e+02
1000          	5.552173e+02
1001          	5.552175e+02
1002          	5.552177e+02
1003          	5.552178e+02
1004          	5.552180e+02
1005          	5.552181e+02
1006          	5.552183e+02
1007          	5.552185e+02
1008          	5.552186e+02
1009          	5.552188e+02
1010          	5.552189e+02
1011          	5.552191e+02
1012          	5.552192e+02
1013          	5.552194e+02
1014          	5.552195e+02
1015          	5.552197e+02
1016          	5.552198e+02
1017          	5.552200e+02
1018          	5.552201e+02
1019          	5.552203e+02
1020          	5.552204e+02
1021          	5.552206e+02
1022          	5.552207e+02
1023          	5.552208e+02
1024          	5.552210e+02
1025          	5.552211e+02
1026          	5.552212e+02
1027          	5.552214e+02
1028          	5.552215e+02
1029          	5.552216e+02
1030          	5.552218e+02
1031          	5.552219e+02
1032          	5.552220e+02
1033          	5.552221e+02
1034          	5.552223e+02
1035          	5.552224e+02
1036          	5.552225e+02
1037          	5.552226e+02
1038          	5.552227e+02
1039          	5.552229e+02
1040          	5.552230e+02
1041          	5.552231e+02
1042          	5.552232e+02
1043          	5.552233e+02
1044          	5.552234e+02
1045          	5.552235e+02
1046          	5.552237e+02
1047          	5.552238e+02
1048          	5.552239e+02
1049          	5.552240e+02
1050          	5.552241e+02
1051          	5.552242e+02
1052          	5.552243e+02
1053          	5.552244e+02
1054          	5.552245e+02
1055          	5.552246e+02
1056          	5.552247e+02
1057          	5.552248e+02
1058          	5.552249e+02
1059          	5.552250e+02
1060          	5.552251e+02
1061          	5.552252e+02
1062          	5.552253e+02
1063          	5.552254e+02
1064          	5.552255e+02
1065          	5.552255e+02
1066          	5.552256e+02
1067          	5.552257e+02
1068          	5.552258e+02
1069          	5.552259e+02
1070          	5.552260e+02
1071          	5.552261e+02
1072          	5.552262e+02
1073          	5.552262e+02
1074          	5.552263e+02
1075          	5.552264e+02
1076          	5.552265e+02
1077          	5.552266e+02
1078          	5.552267e+02
1079          	5.552267e+02
1080          	5.552268e+02
1081          	5.552269e+02
1082          	5.552270e+02
1083          	5.552271e+02
1084          	5.552271e+02
1085          	5.552272e+02
1086          	5.552273e+02
1087          	5.552274e+02
1088          	5.552274e+02
1089          	5.552275e+02
1090          	5.552276e+02
1091          	5.552276e+02
1092          	5.552277e+02
1093          	5.552278e+02
1094          	5.552278e+02
1095          	5.552279e+02
1096          	5.552280e+02
1097          	5.552280e+02
1098          	5.552281e+02
1099          	5.552282e+02
1100          	5.552282e+02
1101          	5.552283e+02
1102          	5.552284e+02
1103          	5.552284e+02
1104          	5.552285e+02
1105          	5.552286e+02
1106          	5.552286e+02
1107          	5.552287e+02
1108          	5.552287e+02
1109          	5.552288e+02
1110          	5.552289e+02
1111          	5.552289e+02
1112          	5.552290e+02
1113          	5.552290e+02
1114          	5.552291e+02
1115          	5.552292e+02
1116          	5.552292e+02
1117          	5.552293e+02
1118          	5.552293e+02
1119          	5.552294e+02
1120          	5.552294e+02
1121          	5.552295e+02
1122          	5.552295e+02
1123          	5.552296e+02
1124          	5.552296e+02
1125          	5.552297e+02
1126          	5.552297e+02
1127          	5.552298e+02
1128          	5.552298e+02
1129          	5.552299e+02
1130          	5.552299e+02
1131          	5.552300e+02
1132          	5.552300e+02
1133          	5.552301e+02
1134          	5.552301e+02
1135          	5.552302e+02
1136          	5.552302e+02
1137          	5.552302e+02
1138          	5.552302e+02
1139          	5.552302e+02
1140          	5.552302e+02
1141          	5.552302e+02
1142          	5.552302e+02
1143          	5.552302e+02
1144          	5.552302e+02
1145          	5.552302e+02
1146          	5.552302e+02
1147          	5.552302e+02
1148          	5.552302e+02
1149          	5.552302e+02
1150          	5.552302e+02
1151          	5.552302e+02
1152          	5.552302e+02
1153          	5.552302e+02
1154          	5.552302e+02
1155          	5.552302e+02
1156          	5.552302e+02
1157          	5.552302e+02
1158          	5.552302e+02
1159          	5.552302e+02
1160          	5.552302e+02
1161          	5.552302e+02
1162          	5.552302e+02
1163          	5.552302e+02
1164          	5.552302e+02
1165          	5.552302e+02
1166          	5.552302e+02
1167          	5.552302e+02
1168          	5.552302e+02
1169          	5.552302e+02
1170          	5.552302e+02
1171          	5.552302e+02
1172          	5.552302e+02
1173          	5.552302e+02
1174          	5.552302e+02
1175          	5.552302e+02
1176          	5.552302e+02
1177          	5.552302e+02
1178          	5.552302e+02
1179          	5.552302e+02
1180          	5.552302e+02
1181          	5.552302e+02
1182          	5.552302e+02
1183          	5.552302e+02
1184          	5.552302e+02
1185          	5.552302e+02
1186          	5.552302e+02
1187          	5.552302e+02
1188          	5.552302e+02
1189          	5.552302e+02
1190          	5.552302e+02
1191          	5.552302e+02
1192          	5.552302e+02
1193          	5.552302e+02
1194          	5.552302e+02
1195          	5.552302e+02
1196          	5.552302e+02
1197          	5.552302e+02
1198          	5.552302e+02
1199          	5.552302e+02
1200          	5.552302e+02
1201          	5.552302e+02
1202          	5.552302e+02
1203          	5.552302e+02
1204          	5.552302e+02
1205          	5.552302e+02
1206          	5.552302e+02
1207          	5.552302e+02
1208          	5.552302e+02
1209          	5.552302e+02
1210          	5.552302e+02
1211          	5.552302e+02
1212          	5.552302e+02
1213          	5.552302e+02
1214          	5.552302e+02
1215          	5.552302e+02
1216          	5.552302e+02
1217          	5.552302e+02
1218          	5.552302e+02
1219          	5.552302e+02
1220          	5.552302e+02
1221          	5.552302e+02
1222          	5.552302e+02
1223          	5.552302e+02
1224          	5.552302e+02
1225          	5.552302e+02
1226          	5.552302e+02
1227          	5.552302e+02
1228          	5.552302e+02
1229          	5.552302e+02
1230          	5.552302e+02
1231          	5.552302e+02
1232          	5.552302e+02
1233          	5.552302e+02
1234          	5.552302e+02
1235          	5.552302e+02
1236          	5.552302e+02
1237          	5.552302e+02
1238          	5.552302e+02
1239          	5.552302e+02
1240          	5.552302e+02
1241          	5.552302e+02
1242          	5.552302e+02
1243          	5.552302e+02
1244          	5.552302e+02
1245          	5.552302e+02
1246          	5.552302e+02
1247          	5.552302e+02
1248          	5.552302e+02
1249          	5.552302e+02
1250          	5.552302e+02
1251          	5.552302e+02
1252          	5.552302e+02
1253          	5.552302e+02
1254          	5.552302e+02
1255          	5.552302e+02
1256          	5.552302e+02
1257          	5.552302e+02
1258          	5.552302e+02
1259          	5.552302e+02
1260          	5.552302e+02
1261          	5.552302e+02
1262          	5.552302e+02
1263          	5.552302e+02
1264          	5.552302e+02
1265          	5.552302e+02
1266          	5.552302e+02
1267          	5.552302e+02
1268          	5.552302e+02
1269          	5.552302e+02
1270          	5.552302e+02
1271          	5.552302e+02
1272          	5.552302e+02
1273          	5.552302e+02
1274          	5.552302e+02
1275          	5.552302e+02
1276          	5.552302e+02
1277          	5.552302e+02
1278          	5.552302e+02
1279          	5.552302e+02
1280          	5.552302e+02
1281          	5.552302e+02
1282          	5.552302e+02
1283          	5.552302e+02
1284          	5.552302e+02
1285          	5.552302e+02
1286          	5.552302e+02
1287          	5.552302e+02
1288          	5.552302e+02
1289          	5.552302e+02
1290          	5.552302e+02
1291          	5.552302e+02
1292          	5.552302e+02
1293          	5.552302e+02
1294          	5.552302e+02
1295          	5.552302e+02
1296          	5.552302e+02
1297          	5.552302e+02
1298          	5.552302e+02
1299          	5.552302e+02
1300          	5.552302e+02
1301          	5.552302e+02
1302          	5.552302e+02
1303          	5.552302e+02
1304          	5.552302e+02
1305          	5.552302e+02
1306          	5.552302e+02
1307          	5.552302e+02
1308          	5.552302e+02
1309          	5.552302e+02
1310          	5.552302e+02
1311          	5.552302e+02
1312          	5.552302e+02
1313          	5.552302e+02
1314          	5.552302e+02
1315          	5.552302e+02
1316          	5.552302e+02
1317          	5.552302e+02
1318          	5.552302e+02
1319          	5.552302e+02
1320          	5.552302e+02
1321          	5.552302e+02
1322          	5.552302e+02
1323          	5.552302e+02
1324          	5.552302e+02
1325          	5.552302e+02
1326          	5.552302e+02
1327          	5.552302e+02
1328          	5.552302e+02
1329          	5.552302e+02
1330          	5.552302e+02
1331          	5.552302e+02
1332          	5.552302e+02
1333          	5.552302e+02
1334          	5.552302e+02
1335          	5.552302e+02
1336          	5.552302e+02
1337          	5.552302e+02
1338          	5.552302e+02
1339          	5.552302e+02
1340          	5.552302e+02
1341          	5.552302e+02
1342          	5.552302e+02
1343          	5.552302e+02
1344          	5.552302e+02
1345          	5.552302e+02
1346          	5.552302e+02
1347          	5.552302e+02
1348          	5.552302e+02
1349          	5.552302e+02
1350          	5.552302e+02
1351          	5.552302e+02
1352          	5.552302e+02
1353          	5.552302e+02
1354          	5.552302e+02
1355          	5.552302e+02
1356          	5.552302e+02
1357          	5.552302e+02
1358          	5.552302e+02
1359          	5.552302e+02
1360          	5.552302e+02
1361          	5.552302e+02
1362          	5.552302e+02
1363          	5.552302e+02
1364          	5.552302e+02
1365          	5.552302e+02
1366          	5.552302e+02
1367          	5.552302e+02
1368          	5.552302e+02
1369          	5.552302e+02
1370          	5.552302e+02
1371          	5.552302e+02
1372          	5.552302e+02
1373          	5.552302e+02
1374          	5.552302e+02
1375          	5.552302e+02
1376          	5.552302e+02
1377          	5.552302e+02
1378          	5.552302e+02
1379          	5.552302e+02
1380          	5.552302e+02
1381          	5.552302e+02
1382          	5.552302e+02
1383          	5.552302e+02
1384          	5.552302e+02
1385          	5.552302e+02
1386          	5.552302e+02
1387          	5.552302e+02
1388          	5.552302e+02
1389          	5.552302e+02
1390          	5.552302e+02
1391          	5.552302e+02
1392          	5.552302e+02
1393          	5.552302e+02
1394          	5.552302e+02
1395          	5.552302e+02
1396          	5.552302e+02
1397          	5.552302e+02
1398          	5.552302e+02
1399          	5.552302e+02
1400          	5.552302e+02
1401          	5.552302e+02
1402          	5.552302e+02
1403          	5.552302e+02
1404          	5.552302e+02
1405          	5.552302e+02
1406          	5.552302e+02
1407          	5.552302e+02
1408          	5.552302e+02
1409          	5.552302e+02
1410          	5.552302e+02
1411          	5.552302e+02
1412          	5.552302e+02
1413          	5.552302e+02
1414          	5.552302e+02
1415          	5.552302e+02
1416          	5.552302e+02
1417          	5.552302e+02
1418          	5.552302e+02
1419          	5.552302e+02
1420          	5.552302e+02
1421          	5.552302e+02
1422          	5.552302e+02
1423          	5.552302e+02
1424          	5.552302e+02
1425          	5.552302e+02
1426          	5.552302e+02
1427          	5.552302e+02
1428          	5.552302e+02
1429          	5.552302e+02
1430          	5.552302e+02
1431          	5.552302e+02
1432          	5.552302e+02
1433          	5.552302e+02
1434          	5.552302e+02
1435          	5.552302e+02
1436          	5.552302e+02
1437          	5.552302e+02
1438          	5.552302e+02
1439          	5.552302e+02
1440          	5.552302e+02
1441          	5.552302e+02
1442          	5.552302e+02
1443          	5.552302e+02
1444          	5.552302e+02
1445          	5.552302e+02
1446          	5.552302e+02
1447          	5.552302e+02
1448          	5.552302e+02
1449          	5.552302e+02
1450          	5.552302e+02
1451          	5.552302e+02
1452          	5.552302e+02
1453          	5.552302e+02
1454          	5.552302e+02
1455          	5.552302e+02
1456          	5.552302e+02
1457          	5.552302e+02
1458          	5.552302e+02
1459          	5.552302e+02
1460          	5.552302e+02
1461          	5.552302e+02
1462          	5.552302e+02
1463          	5.552302e+02
1464          	5.552302e+02
1465          	5.552302e+02
1466          	5.552302e+02
1467          	5.552302e+02
1468          	5.552302e+02
1469          	5.552302e+02
1470          	5.552302e+02
1471          	5.552302e+02
1472          	5.552302e+02
1473          	5.552302e+02
1474          	5.552302e+02
1475          	5.552302e+02
1476          	5.552302e+02
1477          	5.552302e+02
1478          	5.552302e+02
1479          	5.552302e+02
1480          	5.552302e+02
1481          	5.552302e+02
1482          	5.552302e+02
1483          	5.552302e+02
1484          	5.552302e+02
1485          	5.552302e+02
1486          	5.552302e+02
1487          	5.552302e+02
1488          	5.552302e+02
1489          	5.552302e+02
1490          	5.552302e+02
1491          	5.552302e+02
1492          	5.552302e+02
1493          	5.552302e+02
1494          	5.552302e+02
1495          	5.552302e+02
1496          	5.552302e+02
1497          	5.552302e+02
1498          	5.552302e+02
1499          	5.552302e+02
1500          	5.552302e+02
1501          	5.552302e+02
1502          	5.552302e+02
1503          	5.552302e+02
1504          	5.552302e+02
1505          	5.552302e+02
1506          	5.552302e+02
1507          	5.552302e+02
1508          	5.552302e+02
1509          	5.552302e+02
1510          	5.552302e+02
1511          	5.552302e+02
1512          	5.552302e+02
1513          	5.552302e+02
1514          	5.552302e+02
1515          	5.552302e+02
1516          	5.552302e+02
1517          	5.552302e+02
1518          	5.552302e+02
1519          	5.552302e+02
1520          	5.552302e+02
1521          	5.552302e+02
1522          	5.552302e+02
1523          	5.552302e+02
1524          	5.552302e+02
1525          	5.552302e+02
1526          	5.552302e+02
1527          	5.552302e+02
1528          	5.552302e+02
1529          	5.552302e+02
1530          	5.552302e+02
1531          	5.552302e+02
1532          	5.552302e+02
1533          	5.552302e+02
1534          	5.552302e+02
1535          	5.552302e+02
1536          	5.552302e+02
1537          	5.552302e+02
1538          	5.552302e+02
1539          	5.552302e+02
1540          	5.552302e+02
1541          	5.552302e+02
1542          	5.552302e+02
1543          	5.552302e+02
1544          	5.552302e+02
1545          	5.552302e+02
1546          	5.552302e+02
1547          	5.552302e+02
1548          	5.552302e+02
1549          	5.552302e+02
1550          	5.552302e+02
1551          	5.552302e+02
1552          	5.552302e+02
1553          	5.552302e+02
1554          	5.552302e+02
1555          	5.552302e+02
1556          	5.552302e+02
1557          	5.552302e+02
1558          	5.552302e+02
1559          	5.552302e+02
1560          	5.552302e+02
1561          	5.552302e+02
1562          	5.552302e+02
1563          	5.552302e+02
1564          	5.552302e+02
1565          	5.552302e+02
1566          	5.552302e+02
1567          	5.552302e+02
1568          	5.552302e+02
1569          	5.552302e+02
1570          	5.552302e+02
1571          	5.552302e+02
1572          	5.552302e+02
1573          	5.552302e+02
1574          	5.552302e+02
1575          	5.552302e+02
1576          	5.552302e+02
1577          	5.552302e+02
1578          	5.552302e+02
1579          	5.552302e+02
1580          	5.552302e+02
1581          	5.552302e+02
1582          	5.552302e+02
1583          	5.552302e+02
1584          	5.552302e+02
1585          	5.552302e+02
1586          	5.552302e+02
1587          	5.552302e+02
1588          	5.552302e+02
1589          	5.552302e+02
1590          	5.552302e+02
1591          	5.552302e+02
1592          	5.552302e+02
1593          	5.552302e+02
1594          	5.552302e+02
1595          	5.552302e+02
1596          	5.552302e+02
1597          	5.552302e+02
1598          	5.552302e+02
1599          	5.552302e+02
1600          	5.552302e+02
1601          	5.552302e+02
1602          	5.552302e+02
1603          	5.552302e+02
1604          	5.552302e+02
1605          	5.552302e+02
1606          	5.552302e+02
1607          	5.552302e+02
1608          	5.552302e+02
1609          	5.552302e+02
1610          	5.552302e+02
1611          	5.552302e+02
1612          	5.552302e+02
1613          	5.552302e+02
1614          	5.552302e+02
1615          	5.552302e+02
1616          	5.552302e+02
1617          	5.552302e+02
1618          	5.552302e+02
1619          	5.552302e+02
1620          	5.552302e+02
1621          	5.552302e+02
1622          	5.552302e+02
1623          	5.552302e+02
1624          	5.552302e+02
1625          	5.552302e+02
1626          	5.552302e+02
1627          	5.552302e+02
1628          	5.552302e+02
1629          	5.552302e+02
1630          	5.552302e+02
1631          	5.552302e+02
1632          	5.552302e+02
1633          	5.552302e+02
1634          	5.552302e+02
1635          	5.552302e+02
1636          	5.552302e+02
1637          	5.552302e+02
1638          	5.552302e+02
1639          	5.552302e+02
1640          	5.552302e+02
1641          	5.552302e+02
1642          	5.552302e+02
1643          	5.552302e+02
1644          	5.552302e+02
1645          	5.552302e+02
1646          	5.552302e+02
1647          	5.552302e+02
1648          	5.552302e+02
1649          	5.552302e+02
1650          	5.552302e+02
1651          	5.552302e+02
1652          	5.552302e+02
1653          	5.552302e+02
1654          	5.552302e+02
1655          	5.552302e+02
1656          	5.552302e+02
1657          	5.552302e+02
1658          	5.552302e+02
1659          	5.552302e+02
1660          	5.552302e+02
1661          	5.552302e+02
1662          	5.552302e+02
1663          	5.552302e+02
1664          	5.552302e+02
1665          	5.552302e+02
1666          	5.552302e+02
1667          	5.552302e+02
1668          	5.552302e+02
1669          	5.552302e+02
1670          	5.552302e+02
1671          	5.552302e+02
1672          	5.552302e+02
1673          	5.552302e+02
1674          	5.552302e+02
1675          	5.552302e+02
1676          	5.552302e+02
1677          	5.552302e+02
1678          	5.552302e+02
1679          	5.552302e+02
1680          	5.552302e+02
1681          	5.552302e+02
1682          	5.552302e+02
1683          	5.552302e+02
1684          	5.552302e+02
1685          	5.552302e+02
1686          	5.552302e+02
1687          	5.552302e+02
1688          	5.552302e+02
1689          	5.552302e+02
1690          	5.552302e+02
1691          	5.552302e+02
1692          	5.552302e+02
1693          	5.552302e+02
1694          	5.552302e+02
1695          	5.552302e+02
1696          	5.552302e+02
1697          	5.552302e+02
1698          	5.552302e+02
1699          	5.552302e+02
1700          	5.552302e+02
1701          	5.552302e+02
1702          	5.552302e+02
1703          	5.552302e+02
1704          	5.552302e+02
1705          	5.552302e+02
1706          	5.552302e+02
1707          	5.552302e+02
1708          	5.552302e+02
1709          	5.552302e+02
1710          	5.552302e+02
1711          	5.552302e+02
1712          	5.552302e+02
1713          	5.552302e+02
1714          	5.552302e+02
1715          	5.552302e+02
1716          	5.552302e+02
1717          	5.552302e+02
1718          	5.552302e+02
1719          	5.552302e+02
1720          	5.552302e+02
1721          	5.552302e+02
1722          	5.552302e+02
1723          	5.552302e+02
1724          	5.552302e+02
1725          	5.552302e+02
1726          	5.552302e+02
1727          	5.552302e+02
1728          	5.552302e+02
1729          	5.552302e+02
1730          	5.552302e+02
1731          	5.552302e+02
1732          	5.552302e+02
1733          	5.552302e+02
1734          	5.552302e+02
1735          	5.552302e+02
1736          	5.552302e+02
1737          	5.552302e+02
1738          	5.552302e+02
1739          	5.552302e+02
1740          	5.552302e+02
1741          	5.552302e+02
1742          	5.552302e+02
1743          	5.552302e+02
1744          	5.552302e+02
1745          	5.552302e+02
1746          	5.552302e+02
1747          	5.552302e+02
1748          	5.552302e+02
1749          	5.552302e+02
1750          	5.552302e+02
1751          	5.552302e+02
1752          	5.552302e+02
1753          	5.552302e+02
1754          	5.552302e+02
1755          	5.552302e+02
1756          	5.552302e+02
1757          	5.552302e+02
1758          	5.552302e+02
1759          	5.552302e+02
1760          	5.552302e+02
1761          	5.552302e+02
1762          	5.552302e+02
1763          	5.552302e+02
1764          	5.552302e+02
1765          	5.552302e+02
1766          	5.552302e+02
1767          	5.552302e+02
1768          	5.552302e+02
1769          	5.552302e+02
1770          	5.552302e+02
1771          	5.552302e+02
1772          	5.552302e+02
1773          	5.552302e+02
1774          	5.552302e+02
1775          	5.552302e+02
1776          	5.552302e+02
1777          	5.552302e+02
1778          	5.552302e+02
1779          	5.552302e+02
1780          	5.552302e+02
1781          	5.552302e+02
1782          	5.552302e+02
1783          	5.552302e+02
1784          	5.552302e+02
1785          	5.552302e+02
1786          	5.552302e+02
1787          	5.552302e+02
1788          	5.552302e+02
1789          	5.552302e+02
1790          	5.552302e+02
1791          	5.552302e+02
1792          	5.552302e+02
1793          	5.552302e+02
1794          	5.552302e+02
1795          	5.552302e+02
1796          	5.552302e+02
1797          	5.552302e+02
1798          	5.552302e+02
1799          	5.552302e+02
1800          	5.552302e+02
1801          	5.552302e+02
1802          	5.552302e+02
1803          	5.552302e+02
1804          	5.552302e+02
1805          	5.552302e+02
1806          	5.552302e+02
1807          	5.552302e+02
1808          	5.552302e+02
1809          	5.552302e+02
1810          	5.552302e+02
1811          	5.552302e+02
1812          	5.552302e+02
1813          	5.552302e+02
1814          	5.552302e+02
1815          	5.552302e+02
1816          	5.552302e+02
1817          	5.552302e+02
1818          	5.552302e+02
1819          	5.552302e+02
1820          	5.552302e+02
1821          	5.552302e+02
1822          	5.552302e+02
1823          	5.552302e+02
1824          	5.552302e+02
1825          	5.552302e+02
1826          	5.552302e+02
1827          	5.552302e+02
1828          	5.552302e+02
1829          	5.552302e+02
1830          	5.552302e+02
1831          	5.552302e+02
1832          	5.552302e+02
1833          	5.552302e+02
1834          	5.552302e+02
1835          	5.552302e+02
1836          	5.552302e+02
1837          	5.552302e+02
1838          	5.552302e+02
1839          	5.552302e+02
1840          	5.552302e+02
1841          	5.552302e+02
1842          	5.552302e+02
1843          	5.552302e+02
1844          	5.552302e+02
1845          	5.552302e+02
1846          	5.552302e+02
1847          	5.552302e+02
1848          	5.552302e+02
1849          	5.552302e+02
1850          	5.552302e+02
1851          	5.552302e+02
1852          	5.552302e+02
1853          	5.552302e+02
1854          	5.552302e+02
1855          	5.552302e+02
1856          	5.552302e+02
1857          	5.552302e+02
1858          	5.552302e+02
1859          	5.552302e+02
1860          	5.552302e+02
1861          	5.552302e+02
1862          	5.552302e+02
1863          	5.552302e+02
1864          	5.552302e+02
1865          	5.552302e+02
1866          	5.552302e+02
1867          	5.552302e+02
1868          	5.552302e+02
1869          	5.552302e+02
1870          	5.552302e+02
1871          	5.552302e+02
1872          	5.552302e+02
1873          	5.552302e+02
1874          	5.552302e+02
1875          	5.552302e+02
1876          	5.552302e+02
1877          	5.552302e+02
1878          	5.552302e+02
1879          	5.552302e+02
1880          	5.552302e+02
1881          	5.552302e+02
1882          	5.552302e+02
1883          	5.552302e+02
1884          	5.552302e+02
1885          	5.552302e+02
1886          	5.552302e+02
1887          	5.552302e+02
1888          	5.552302e+02
1889          	5.552302e+02
1890          	5.552302e+02
1891          	5.552302e+02
1892          	5.552302e+02
1893          	5.552302e+02
1894          	5.552302e+02
1895          	5.552302e+02
1896          	5.552302e+02
1897          	5.552302e+02
1898          	5.552302e+02
1899          	5.552302e+02
1900          	5.552302e+02
1901          	5.552302e+02
1902          	5.552302e+02
1903          	5.552302e+02
1904          	5.552302e+02
1905          	5.552302e+02
1906          	5.552302e+02
1907          	5.552302e+02
1908          	5.552302e+02
1909          	5.552302e+02
1910          	5.552302e+02
1911          	5.552302e+02
1912          	5.552302e+02
1913          	5.552302e+02
1914          	5.552302e+02
1915          	5.552302e+02
1916          	5.552302e+02
1917          	5.552302e+02
1918          	5.552302e+02
1919          	5.552302e+02
1920          	5.552302e+02
1921          	5.552302e+02
1922          	5.552302e+02
1923          	5.552302e+02
1924          	5.552302e+02
1925          	5.552302e+02
1926          	5.552302e+02
1927          	5.552302e+02
1928          	5.552302e+02
1929          	5.552302e+02
1930          	5.552302e+02
1931          	5.552302e+02
1932          	5.552302e+02
1933          	5.552302e+02
1934          	5.552302e+02
1935          	5.552302e+02
1936          	5.552302e+02
1937          	5.552302e+02
1938          	5.552302e+02
1939          	5.552302e+02
1940          	5.552302e+02
1941          	5.552302e+02
1942          	5.552302e+02
1943          	5.552302e+02
1944          	5.552302e+02
1945          	5.552302e+02
1946          	5.552302e+02
1947          	5.552302e+02
1948          	5.552302e+02
1949          	5.552302e+02
1950          	5.552302e+02
1951          	5.552302e+02
1952          	5.552302e+02
1953          	5.552302e+02
1954          	5.552302e+02
1955          	5.552302e+02
1956          	5.552302e+02
1957          	5.552302e+02
1958          	5.552302e+02
1959          	5.552302e+02
1960          	5.552302e+02
1961          	5.552302e+02
1962          	5.552302e+02
1963          	5.552302e+02
1964          	5.552302e+02
1965          	5.552302e+02
1966          	5.552302e+02
1967          	5.552302e+02
1968          	5.552302e+02
1969          	5.552302e+02
1970          	5.552302e+02
1971          	5.552302e+02
1972          	5.552302e+02
1973          	5.552302e+02
1974          	5.552302e+02
1975          	5.552302e+02
1976          	5.552302e+02
1977          	5.552302e+02
1978          	5.552302e+02
1979          	5.552302e+02
1980          	5.552302e+02
1981          	5.552302e+02
1982          	5.552302e+02
1983          	5.552302e+02
1984          	5.552302e+02
1985          	5.552302e+02
1986          	5.552302e+02
1987          	5.552302e+02
1988          	5.552302e+02
1989          	5.552302e+02
1990          	5.552302e+02
1991          	5.552302e+02
1992          	5.552302e+02
1993          	5.552302e+02
1994          	5.552302e+02
1995          	5.552302e+02
1996          	5.552302e+02
1997          	5.552302e+02
1998          	5.552302e+02
1999          	5.552302e+02
2000          	5.552302e+02
