# Region      : all 
# Cells       : 3143
# Volume      : 4.102922e-06
# Time        	volAverage(T)
0             	2.969000e+02
1             	2.969000e+02
2             	2.990832e+02
3             	3.012353e+02
4             	3.033877e+02
5             	3.055220e+02
6             	3.076427e+02
7             	3.097469e+02
8             	3.118346e+02
9             	3.139056e+02
10            	3.159603e+02
11            	3.179988e+02
12            	3.200213e+02
13            	3.220280e+02
14            	3.240189e+02
15            	3.259945e+02
16            	3.279549e+02
17            	3.299005e+02
18            	3.318315e+02
19            	3.337481e+02
20            	3.356506e+02
21            	3.375390e+02
22            	3.394132e+02
23            	3.412733e+02
24            	3.431193e+02
25            	3.449511e+02
26            	3.467692e+02
27            	3.485739e+02
28            	3.503651e+02
29            	3.521430e+02
30            	3.539068e+02
31            	3.556545e+02
32            	3.573848e+02
33            	3.590959e+02
34            	3.607867e+02
35            	3.624573e+02
36            	3.641081e+02
37            	3.657396e+02
38            	3.673519e+02
39            	3.689451e+02
40            	3.705197e+02
41            	3.720760e+02
42            	3.736143e+02
43            	3.751351e+02
44            	3.766386e+02
45            	3.781247e+02
46            	3.795935e+02
47            	3.810453e+02
48            	3.824804e+02
49            	3.838995e+02
50            	3.853025e+02
51            	3.866899e+02
52            	3.880619e+02
53            	3.894186e+02
54            	3.907604e+02
55            	3.920873e+02
56            	3.933996e+02
57            	3.946976e+02
58            	3.959812e+02
59            	3.972508e+02
60            	3.985066e+02
61            	3.997487e+02
62            	4.009773e+02
63            	4.021926e+02
64            	4.033946e+02
65            	4.045836e+02
66            	4.057598e+02
67            	4.069231e+02
68            	4.080740e+02
69            	4.092123e+02
70            	4.103380e+02
71            	4.114515e+02
72            	4.125530e+02
73            	4.136426e+02
74            	4.147200e+02
75            	4.157855e+02
76            	4.168392e+02
77            	4.178814e+02
78            	4.189121e+02
79            	4.199313e+02
80            	4.209391e+02
81            	4.219358e+02
82            	4.229214e+02
83            	4.238962e+02
84            	4.248603e+02
85            	4.258137e+02
86            	4.267568e+02
87            	4.276895e+02
88            	4.286120e+02
89            	4.295244e+02
90            	4.304269e+02
91            	4.313195e+02
92            	4.322024e+02
93            	4.330756e+02
94            	4.339393e+02
95            	4.347936e+02
96            	4.356386e+02
97            	4.364743e+02
98            	4.373008e+02
99            	4.381182e+02
100           	4.389265e+02
101           	4.397258e+02
102           	4.405162e+02
103           	4.412978e+02
104           	4.420706e+02
105           	4.428348e+02
106           	4.435906e+02
107           	4.443379e+02
108           	4.450770e+02
109           	4.458079e+02
110           	4.465307e+02
111           	4.472454e+02
112           	4.479521e+02
113           	4.486508e+02
114           	4.493416e+02
115           	4.500246e+02
116           	4.507000e+02
117           	4.513677e+02
118           	4.520279e+02
119           	4.526807e+02
120           	4.533260e+02
121           	4.539641e+02
122           	4.545949e+02
123           	4.552186e+02
124           	4.558353e+02
125           	4.564451e+02
126           	4.570480e+02
127           	4.576441e+02
128           	4.582336e+02
129           	4.588164e+02
130           	4.593926e+02
131           	4.599622e+02
132           	4.605254e+02
133           	4.610823e+02
134           	4.616328e+02
135           	4.621770e+02
136           	4.627151e+02
137           	4.632470e+02
138           	4.637728e+02
139           	4.642927e+02
140           	4.648066e+02
141           	4.653145e+02
142           	4.658165e+02
143           	4.663127e+02
144           	4.668030e+02
145           	4.672876e+02
146           	4.677664e+02
147           	4.682395e+02
148           	4.687071e+02
149           	4.691690e+02
150           	4.696253e+02
151           	4.700762e+02
152           	4.705218e+02
153           	4.709620e+02
154           	4.713970e+02
155           	4.718267e+02
156           	4.722512e+02
157           	4.726706e+02
158           	4.730849e+02
159           	4.734942e+02
160           	4.738985e+02
161           	4.742980e+02
162           	4.746927e+02
163           	4.750826e+02
164           	4.754678e+02
165           	4.758484e+02
166           	4.762244e+02
167           	4.765959e+02
168           	4.769630e+02
169           	4.773258e+02
170           	4.776842e+02
171           	4.780385e+02
172           	4.783885e+02
173           	4.787343e+02
174           	4.790760e+02
175           	4.794136e+02
176           	4.797471e+02
177           	4.800765e+02
178           	4.804019e+02
179           	4.807234e+02
180           	4.810410e+02
181           	4.813547e+02
182           	4.816646e+02
183           	4.819708e+02
184           	4.822733e+02
185           	4.825721e+02
186           	4.828673e+02
187           	4.831588e+02
188           	4.834469e+02
189           	4.837313e+02
190           	4.840122e+02
191           	4.842897e+02
192           	4.845637e+02
193           	4.848344e+02
194           	4.851018e+02
195           	4.853661e+02
196           	4.856272e+02
197           	4.858852e+02
198           	4.861402e+02
199           	4.863923e+02
200           	4.866414e+02
201           	4.868875e+02
202           	4.871308e+02
203           	4.873713e+02
204           	4.876090e+02
205           	4.878438e+02
206           	4.880758e+02
207           	4.883051e+02
208           	4.885317e+02
209           	4.887557e+02
210           	4.889771e+02
211           	4.891960e+02
212           	4.894123e+02
213           	4.896262e+02
214           	4.898375e+02
215           	4.900464e+02
216           	4.902528e+02
217           	4.904566e+02
218           	4.906580e+02
219           	4.908571e+02
220           	4.910537e+02
221           	4.912482e+02
222           	4.914404e+02
223           	4.916304e+02
224           	4.918182e+02
225           	4.920037e+02
226           	4.921870e+02
227           	4.923681e+02
228           	4.925470e+02
229           	4.927237e+02
230           	4.928982e+02
231           	4.930706e+02
232           	4.932409e+02
233           	4.934091e+02
234           	4.935752e+02
235           	4.937392e+02
236           	4.939012e+02
237           	4.940611e+02
238           	4.942189e+02
239           	4.943748e+02
240           	4.945288e+02
241           	4.946808e+02
242           	4.948310e+02
243           	4.949793e+02
244           	4.951257e+02
245           	4.952702e+02
246           	4.954129e+02
247           	4.955538e+02
248           	4.956929e+02
249           	4.958301e+02
250           	4.959657e+02
251           	4.960997e+02
252           	4.962320e+02
253           	4.963627e+02
254           	4.964917e+02
255           	4.966192e+02
256           	4.967451e+02
257           	4.968693e+02
258           	4.969920e+02
259           	4.971132e+02
260           	4.972328e+02
261           	4.973509e+02
262           	4.974676e+02
263           	4.975829e+02
264           	4.976967e+02
265           	4.978092e+02
266           	4.979203e+02
267           	4.980301e+02
268           	4.981386e+02
269           	4.982458e+02
270           	4.983517e+02
271           	4.984564e+02
272           	4.985599e+02
273           	4.986622e+02
274           	4.987633e+02
275           	4.988634e+02
276           	4.989624e+02
277           	4.990603e+02
278           	4.991571e+02
279           	4.992528e+02
280           	4.993475e+02
281           	4.994412e+02
282           	4.995339e+02
283           	4.996257e+02
284           	4.997165e+02
285           	4.998063e+02
286           	4.998950e+02
287           	4.999827e+02
288           	5.000694e+02
289           	5.001551e+02
290           	5.002399e+02
291           	5.003238e+02
292           	5.004067e+02
293           	5.004887e+02
294           	5.005699e+02
295           	5.006502e+02
296           	5.007296e+02
297           	5.008081e+02
298           	5.008858e+02
299           	5.009626e+02
300           	5.010386e+02
301           	5.011136e+02
302           	5.011878e+02
303           	5.012611e+02
304           	5.013336e+02
305           	5.014053e+02
306           	5.014763e+02
307           	5.015466e+02
308           	5.016162e+02
309           	5.016850e+02
310           	5.017533e+02
311           	5.018208e+02
312           	5.018877e+02
313           	5.019539e+02
314           	5.020194e+02
315           	5.020843e+02
316           	5.021484e+02
317           	5.022118e+02
318           	5.022745e+02
319           	5.023365e+02
320           	5.023977e+02
321           	5.024583e+02
322           	5.025181e+02
323           	5.025774e+02
324           	5.026360e+02
325           	5.026940e+02
326           	5.027514e+02
327           	5.028082e+02
328           	5.028644e+02
329           	5.029201e+02
330           	5.029752e+02
331           	5.030298e+02
332           	5.030839e+02
333           	5.031375e+02
334           	5.031905e+02
335           	5.032430e+02
336           	5.032950e+02
337           	5.033464e+02
338           	5.033973e+02
339           	5.034477e+02
340           	5.034976e+02
341           	5.035469e+02
342           	5.035958e+02
343           	5.036441e+02
344           	5.036920e+02
345           	5.037393e+02
346           	5.037863e+02
347           	5.038327e+02
348           	5.038787e+02
349           	5.039243e+02
350           	5.039694e+02
351           	5.040141e+02
352           	5.040584e+02
353           	5.041022e+02
354           	5.041457e+02
355           	5.041887e+02
356           	5.042314e+02
357           	5.042737e+02
358           	5.043155e+02
359           	5.043569e+02
360           	5.043979e+02
361           	5.044385e+02
362           	5.044787e+02
363           	5.045184e+02
364           	5.045578e+02
365           	5.045968e+02
366           	5.046355e+02
367           	5.046738e+02
368           	5.047117e+02
369           	5.047493e+02
370           	5.047865e+02
371           	5.048234e+02
372           	5.048600e+02
373           	5.048962e+02
374           	5.049322e+02
375           	5.049679e+02
376           	5.050033e+02
377           	5.050384e+02
378           	5.050732e+02
379           	5.051078e+02
380           	5.051421e+02
381           	5.051761e+02
382           	5.052099e+02
383           	5.052434e+02
384           	5.052766e+02
385           	5.053095e+02
386           	5.053422e+02
387           	5.053747e+02
388           	5.054069e+02
389           	5.054389e+02
390           	5.054706e+02
391           	5.055021e+02
392           	5.055334e+02
393           	5.055644e+02
394           	5.055952e+02
395           	5.056257e+02
396           	5.056561e+02
397           	5.056861e+02
398           	5.057160e+02
399           	5.057455e+02
400           	5.057748e+02
401           	5.058039e+02
402           	5.058326e+02
403           	5.058612e+02
404           	5.058895e+02
405           	5.059175e+02
406           	5.059453e+02
407           	5.059728e+02
408           	5.060001e+02
409           	5.060271e+02
410           	5.060539e+02
411           	5.060805e+02
412           	5.061068e+02
413           	5.061329e+02
414           	5.061588e+02
415           	5.061845e+02
416           	5.062100e+02
417           	5.062353e+02
418           	5.062603e+02
419           	5.062852e+02
420           	5.063098e+02
421           	5.063342e+02
422           	5.063585e+02
423           	5.063825e+02
424           	5.064062e+02
425           	5.064298e+02
426           	5.064532e+02
427           	5.064763e+02
428           	5.064992e+02
429           	5.065219e+02
430           	5.065443e+02
431           	5.065666e+02
432           	5.065886e+02
433           	5.066105e+02
434           	5.066321e+02
435           	5.066535e+02
436           	5.066748e+02
437           	5.066958e+02
438           	5.067166e+02
439           	5.067372e+02
440           	5.067577e+02
441           	5.067779e+02
442           	5.067979e+02
443           	5.068178e+02
444           	5.068374e+02
445           	5.068568e+02
446           	5.068761e+02
447           	5.068951e+02
448           	5.069139e+02
449           	5.069325e+02
450           	5.069509e+02
451           	5.069691e+02
452           	5.069871e+02
453           	5.070049e+02
454           	5.070225e+02
455           	5.070398e+02
456           	5.070570e+02
457           	5.070740e+02
458           	5.070907e+02
459           	5.071073e+02
460           	5.071237e+02
461           	5.071399e+02
462           	5.071559e+02
463           	5.071718e+02
464           	5.071874e+02
465           	5.072028e+02
466           	5.072180e+02
467           	5.072330e+02
468           	5.072479e+02
469           	5.072625e+02
470           	5.072769e+02
471           	5.072912e+02
472           	5.073052e+02
473           	5.073191e+02
474           	5.073328e+02
475           	5.073463e+02
476           	5.073596e+02
477           	5.073727e+02
478           	5.073856e+02
479           	5.073983e+02
480           	5.074109e+02
481           	5.074232e+02
482           	5.074354e+02
483           	5.074474e+02
484           	5.074592e+02
485           	5.074709e+02
486           	5.074824e+02
487           	5.074937e+02
488           	5.075049e+02
489           	5.075159e+02
490           	5.075267e+02
491           	5.075374e+02
492           	5.075479e+02
493           	5.075583e+02
494           	5.075685e+02
495           	5.075785e+02
496           	5.075884e+02
497           	5.075982e+02
498           	5.076078e+02
499           	5.076173e+02
500           	5.076266e+02
501           	5.076359e+02
502           	5.076450e+02
503           	5.076540e+02
504           	5.076629e+02
505           	5.076716e+02
506           	5.076803e+02
507           	5.076888e+02
508           	5.076971e+02
509           	5.077054e+02
510           	5.077135e+02
511           	5.077216e+02
512           	5.077295e+02
513           	5.077373e+02
514           	5.077450e+02
515           	5.077526e+02
516           	5.077601e+02
517           	5.077674e+02
518           	5.077747e+02
519           	5.077819e+02
520           	5.077890e+02
521           	5.077960e+02
522           	5.078029e+02
523           	5.078097e+02
524           	5.078164e+02
525           	5.078230e+02
526           	5.078295e+02
527           	5.078360e+02
528           	5.078423e+02
529           	5.078486e+02
530           	5.078548e+02
531           	5.078610e+02
532           	5.078670e+02
533           	5.078730e+02
534           	5.078789e+02
535           	5.078848e+02
536           	5.078905e+02
537           	5.078962e+02
538           	5.079019e+02
539           	5.079074e+02
540           	5.079129e+02
541           	5.079184e+02
542           	5.079237e+02
543           	5.079290e+02
544           	5.079343e+02
545           	5.079395e+02
546           	5.079446e+02
547           	5.079497e+02
548           	5.079548e+02
549           	5.079597e+02
550           	5.079646e+02
551           	5.079695e+02
552           	5.079743e+02
553           	5.079790e+02
554           	5.079837e+02
555           	5.079884e+02
556           	5.079930e+02
557           	5.079976e+02
558           	5.080021e+02
559           	5.080065e+02
560           	5.080110e+02
561           	5.080153e+02
562           	5.080196e+02
563           	5.080239e+02
564           	5.080281e+02
565           	5.080323e+02
566           	5.080365e+02
567           	5.080406e+02
568           	5.080447e+02
569           	5.080487e+02
570           	5.080527e+02
571           	5.080566e+02
572           	5.080605e+02
573           	5.080644e+02
574           	5.080682e+02
575           	5.080720e+02
576           	5.080757e+02
577           	5.080794e+02
578           	5.080830e+02
579           	5.080866e+02
580           	5.080902e+02
581           	5.080937e+02
582           	5.080972e+02
583           	5.081006e+02
584           	5.081041e+02
585           	5.081074e+02
586           	5.081108e+02
587           	5.081140e+02
588           	5.081173e+02
589           	5.081205e+02
590           	5.081237e+02
591           	5.081268e+02
592           	5.081299e+02
593           	5.081329e+02
594           	5.081359e+02
595           	5.081389e+02
596           	5.081418e+02
597           	5.081446e+02
598           	5.081474e+02
599           	5.081502e+02
600           	5.081529e+02
601           	5.081556e+02
602           	5.081582e+02
603           	5.081608e+02
604           	5.081634e+02
605           	5.081659e+02
606           	5.081683e+02
607           	5.081707e+02
608           	5.081730e+02
609           	5.081753e+02
610           	5.081775e+02
611           	5.081797e+02
612           	5.081819e+02
613           	5.081839e+02
614           	5.081860e+02
615           	5.081874e+02
616           	5.081895e+02
617           	5.081914e+02
618           	5.081933e+02
619           	5.081952e+02
620           	5.081969e+02
621           	5.081982e+02
622           	5.081999e+02
623           	5.082016e+02
624           	5.082032e+02
625           	5.082048e+02
626           	5.082063e+02
627           	5.082074e+02
628           	5.082089e+02
629           	5.082104e+02
630           	5.082118e+02
631           	5.082131e+02
632           	5.082145e+02
633           	5.082157e+02
634           	5.082167e+02
635           	5.082179e+02
636           	5.082192e+02
637           	5.082203e+02
638           	5.082215e+02
639           	5.082226e+02
640           	5.082236e+02
641           	5.082247e+02
642           	5.082257e+02
643           	5.082267e+02
644           	5.082274e+02
645           	5.082285e+02
646           	5.082294e+02
647           	5.082304e+02
648           	5.082313e+02
649           	5.082322e+02
650           	5.082331e+02
651           	5.082340e+02
652           	5.082349e+02
653           	5.082358e+02
654           	5.082366e+02
655           	5.082375e+02
656           	5.082383e+02
657           	5.082391e+02
658           	5.082400e+02
659           	5.082408e+02
660           	5.082416e+02
661           	5.082424e+02
662           	5.082433e+02
663           	5.082441e+02
664           	5.082449e+02
665           	5.082458e+02
666           	5.082466e+02
667           	5.082474e+02
668           	5.082483e+02
669           	5.082492e+02
670           	5.082500e+02
671           	5.082509e+02
672           	5.082518e+02
673           	5.082527e+02
674           	5.082536e+02
675           	5.082545e+02
676           	5.082554e+02
677           	5.082563e+02
678           	5.082572e+02
679           	5.082582e+02
680           	5.082591e+02
681           	5.082601e+02
682           	5.082611e+02
683           	5.082621e+02
684           	5.082631e+02
685           	5.082641e+02
686           	5.082651e+02
687           	5.082662e+02
688           	5.082672e+02
689           	5.082683e+02
690           	5.082694e+02
691           	5.082705e+02
692           	5.082716e+02
693           	5.082727e+02
694           	5.082738e+02
695           	5.082749e+02
696           	5.082760e+02
697           	5.082772e+02
698           	5.082783e+02
699           	5.082794e+02
700           	5.082805e+02
701           	5.082816e+02
702           	5.082827e+02
703           	5.082838e+02
704           	5.082849e+02
705           	5.082860e+02
706           	5.082871e+02
707           	5.082882e+02
708           	5.082893e+02
709           	5.082904e+02
710           	5.082915e+02
711           	5.082926e+02
712           	5.082936e+02
713           	5.082947e+02
714           	5.082958e+02
715           	5.082968e+02
716           	5.082979e+02
717           	5.082989e+02
718           	5.082999e+02
719           	5.083009e+02
720           	5.083019e+02
721           	5.083029e+02
722           	5.083039e+02
723           	5.083049e+02
724           	5.083058e+02
725           	5.083068e+02
726           	5.083077e+02
727           	5.083086e+02
728           	5.083095e+02
729           	5.083103e+02
730           	5.083112e+02
731           	5.083120e+02
732           	5.083128e+02
733           	5.083136e+02
734           	5.083144e+02
735           	5.083151e+02
736           	5.083157e+02
737           	5.083165e+02
738           	5.083172e+02
739           	5.083179e+02
740           	5.083185e+02
741           	5.083190e+02
742           	5.083197e+02
743           	5.083203e+02
744           	5.083208e+02
745           	5.083214e+02
746           	5.083219e+02
747           	5.083223e+02
748           	5.083229e+02
749           	5.083233e+02
750           	5.083238e+02
751           	5.083241e+02
752           	5.083246e+02
753           	5.083250e+02
754           	5.083254e+02
755           	5.083257e+02
756           	5.083261e+02
757           	5.083264e+02
758           	5.083268e+02
759           	5.083270e+02
760           	5.083274e+02
761           	5.083276e+02
762           	5.083279e+02
763           	5.083281e+02
764           	5.083284e+02
765           	5.083285e+02
766           	5.083288e+02
767           	5.083289e+02
768           	5.083292e+02
769           	5.083293e+02
770           	5.083295e+02
771           	5.083295e+02
772           	5.083297e+02
773           	5.083298e+02
774           	5.083299e+02
775           	5.083299e+02
776           	5.083301e+02
777           	5.083300e+02
778           	5.083302e+02
779           	5.083301e+02
780           	5.083302e+02
781           	5.083302e+02
782           	5.083302e+02
783           	5.083301e+02
784           	5.083302e+02
785           	5.083302e+02
786           	5.083301e+02
787           	5.083301e+02
788           	5.083301e+02
789           	5.083300e+02
790           	5.083299e+02
791           	5.083298e+02
792           	5.083297e+02
793           	5.083296e+02
794           	5.083295e+02
795           	5.083294e+02
796           	5.083293e+02
797           	5.083292e+02
798           	5.083290e+02
799           	5.083289e+02
800           	5.083288e+02
801           	5.083286e+02
802           	5.083285e+02
803           	5.083283e+02
804           	5.083282e+02
805           	5.083281e+02
806           	5.083279e+02
807           	5.083278e+02
808           	5.083277e+02
809           	5.083276e+02
810           	5.083275e+02
811           	5.083274e+02
812           	5.083273e+02
813           	5.083272e+02
814           	5.083271e+02
815           	5.083271e+02
816           	5.083270e+02
817           	5.083270e+02
818           	5.083269e+02
819           	5.083269e+02
820           	5.083268e+02
821           	5.083268e+02
822           	5.083268e+02
823           	5.083269e+02
824           	5.083269e+02
825           	5.083269e+02
826           	5.083269e+02
827           	5.083269e+02
828           	5.083270e+02
829           	5.083270e+02
830           	5.083271e+02
831           	5.083271e+02
832           	5.083272e+02
833           	5.083273e+02
834           	5.083274e+02
835           	5.083274e+02
836           	5.083275e+02
837           	5.083276e+02
838           	5.083277e+02
839           	5.083278e+02
840           	5.083280e+02
841           	5.083281e+02
842           	5.083282e+02
843           	5.083283e+02
844           	5.083285e+02
845           	5.083286e+02
846           	5.083287e+02
847           	5.083289e+02
848           	5.083290e+02
849           	5.083292e+02
850           	5.083293e+02
851           	5.083295e+02
852           	5.083297e+02
853           	5.083299e+02
854           	5.083300e+02
855           	5.083302e+02
856           	5.083304e+02
857           	5.083306e+02
858           	5.083308e+02
859           	5.083310e+02
860           	5.083312e+02
861           	5.083314e+02
862           	5.083317e+02
863           	5.083319e+02
864           	5.083321e+02
865           	5.083324e+02
866           	5.083327e+02
867           	5.083329e+02
868           	5.083332e+02
869           	5.083335e+02
870           	5.083338e+02
871           	5.083341e+02
872           	5.083344e+02
873           	5.083348e+02
874           	5.083351e+02
875           	5.083355e+02
876           	5.083358e+02
877           	5.083362e+02
878           	5.083366e+02
879           	5.083370e+02
880           	5.083373e+02
881           	5.083378e+02
882           	5.083381e+02
883           	5.083386e+02
884           	5.083390e+02
885           	5.083395e+02
886           	5.083399e+02
887           	5.083403e+02
888           	5.083407e+02
889           	5.083412e+02
890           	5.083417e+02
891           	5.083422e+02
892           	5.083426e+02
893           	5.083431e+02
894           	5.083435e+02
895           	5.083441e+02
896           	5.083445e+02
897           	5.083450e+02
898           	5.083454e+02
899           	5.083460e+02
900           	5.083464e+02
901           	5.083469e+02
902           	5.083473e+02
903           	5.083478e+02
904           	5.083483e+02
905           	5.083488e+02
906           	5.083492e+02
907           	5.083497e+02
908           	5.083501e+02
909           	5.083506e+02
910           	5.083510e+02
911           	5.083515e+02
912           	5.083518e+02
913           	5.083523e+02
914           	5.083527e+02
915           	5.083531e+02
916           	5.083535e+02
917           	5.083539e+02
918           	5.083543e+02
919           	5.083547e+02
920           	5.083551e+02
921           	5.083554e+02
922           	5.083558e+02
923           	5.083562e+02
924           	5.083565e+02
925           	5.083569e+02
926           	5.083573e+02
927           	5.083575e+02
928           	5.083579e+02
929           	5.083583e+02
930           	5.083585e+02
931           	5.083589e+02
932           	5.083592e+02
933           	5.083594e+02
934           	5.083598e+02
935           	5.083601e+02
936           	5.083604e+02
937           	5.083606e+02
938           	5.083609e+02
939           	5.083611e+02
940           	5.083614e+02
941           	5.083616e+02
942           	5.083619e+02
943           	5.083621e+02
944           	5.083624e+02
945           	5.083626e+02
946           	5.083627e+02
947           	5.083630e+02
948           	5.083632e+02
949           	5.083634e+02
950           	5.083636e+02
951           	5.083638e+02
952           	5.083640e+02
953           	5.083641e+02
954           	5.083643e+02
955           	5.083645e+02
956           	5.083647e+02
957           	5.083648e+02
958           	5.083650e+02
959           	5.083651e+02
960           	5.083653e+02
961           	5.083654e+02
962           	5.083656e+02
963           	5.083657e+02
964           	5.083659e+02
965           	5.083660e+02
966           	5.083662e+02
967           	5.083663e+02
968           	5.083664e+02
969           	5.083665e+02
970           	5.083667e+02
971           	5.083668e+02
972           	5.083669e+02
973           	5.083670e+02
974           	5.083671e+02
975           	5.083672e+02
976           	5.083673e+02
977           	5.083674e+02
978           	5.083675e+02
979           	5.083676e+02
980           	5.083677e+02
981           	5.083678e+02
982           	5.083679e+02
983           	5.083680e+02
984           	5.083680e+02
985           	5.083681e+02
986           	5.083681e+02
987           	5.083682e+02
988           	5.083682e+02
989           	5.083682e+02
990           	5.083682e+02
991           	5.083682e+02
992           	5.083681e+02
993           	5.083681e+02
994           	5.083681e+02
995           	5.083680e+02
996           	5.083680e+02
997           	5.083679e+02
998           	5.083680e+02
999           	5.083680e+02
1000          	5.083679e+02
1001          	5.083678e+02
1002          	5.083677e+02
1003          	5.083678e+02
1004          	5.083677e+02
1005          	5.083677e+02
1006          	5.083676e+02
1007          	5.083675e+02
1008          	5.083676e+02
1009          	5.083675e+02
1010          	5.083674e+02
1011          	5.083673e+02
1012          	5.083672e+02
1013          	5.083672e+02
1014          	5.083671e+02
1015          	5.083670e+02
1016          	5.083669e+02
1017          	5.083668e+02
1018          	5.083668e+02
1019          	5.083667e+02
1020          	5.083666e+02
1021          	5.083664e+02
1022          	5.083663e+02
1023          	5.083664e+02
1024          	5.083663e+02
1025          	5.083662e+02
1026          	5.083660e+02
1027          	5.083661e+02
1028          	5.083660e+02
1029          	5.083659e+02
1030          	5.083658e+02
1031          	5.083659e+02
1032          	5.083658e+02
1033          	5.083657e+02
1034          	5.083656e+02
1035          	5.083657e+02
1036          	5.083657e+02
1037          	5.083656e+02
1038          	5.083655e+02
1039          	5.083655e+02
1040          	5.083656e+02
1041          	5.083656e+02
1042          	5.083655e+02
1043          	5.083655e+02
1044          	5.083657e+02
1045          	5.083657e+02
1046          	5.083657e+02
1047          	5.083657e+02
1048          	5.083657e+02
1049          	5.083658e+02
1050          	5.083659e+02
1051          	5.083660e+02
1052          	5.083661e+02
1053          	5.083662e+02
1054          	5.083663e+02
1055          	5.083663e+02
1056          	5.083664e+02
1057          	5.083665e+02
1058          	5.083666e+02
1059          	5.083668e+02
1060          	5.083669e+02
1061          	5.083670e+02
1062          	5.083671e+02
1063          	5.083672e+02
1064          	5.083673e+02
1065          	5.083674e+02
1066          	5.083675e+02
1067          	5.083676e+02
1068          	5.083677e+02
1069          	5.083678e+02
1070          	5.083679e+02
1071          	5.083680e+02
1072          	5.083681e+02
1073          	5.083682e+02
1074          	5.083683e+02
1075          	5.083684e+02
1076          	5.083685e+02
1077          	5.083686e+02
1078          	5.083687e+02
1079          	5.083687e+02
1080          	5.083688e+02
1081          	5.083689e+02
1082          	5.083689e+02
1083          	5.083690e+02
1084          	5.083691e+02
1085          	5.083691e+02
1086          	5.083692e+02
1087          	5.083692e+02
1088          	5.083693e+02
1089          	5.083693e+02
1090          	5.083693e+02
1091          	5.083693e+02
1092          	5.083694e+02
1093          	5.083694e+02
1094          	5.083694e+02
1095          	5.083694e+02
1096          	5.083694e+02
1097          	5.083694e+02
1098          	5.083693e+02
1099          	5.083693e+02
1100          	5.083692e+02
1101          	5.083691e+02
1102          	5.083691e+02
1103          	5.083690e+02
1104          	5.083690e+02
1105          	5.083689e+02
1106          	5.083688e+02
1107          	5.083687e+02
1108          	5.083687e+02
1109          	5.083686e+02
1110          	5.083685e+02
1111          	5.083684e+02
1112          	5.083683e+02
1113          	5.083682e+02
1114          	5.083681e+02
1115          	5.083679e+02
1116          	5.083678e+02
1117          	5.083677e+02
1118          	5.083676e+02
1119          	5.083675e+02
1120          	5.083673e+02
1121          	5.083672e+02
1122          	5.083671e+02
1123          	5.083669e+02
1124          	5.083668e+02
1125          	5.083667e+02
1126          	5.083665e+02
1127          	5.083664e+02
1128          	5.083663e+02
1129          	5.083661e+02
1130          	5.083660e+02
1131          	5.083659e+02
1132          	5.083657e+02
1133          	5.083656e+02
1134          	5.083655e+02
1135          	5.083653e+02
1136          	5.083652e+02
1137          	5.083651e+02
1138          	5.083649e+02
1139          	5.083648e+02
1140          	5.083647e+02
1141          	5.083645e+02
1142          	5.083644e+02
1143          	5.083643e+02
1144          	5.083642e+02
1145          	5.083641e+02
1146          	5.083640e+02
1147          	5.083639e+02
1148          	5.083637e+02
1149          	5.083636e+02
1150          	5.083635e+02
1151          	5.083635e+02
1152          	5.083634e+02
1153          	5.083633e+02
1154          	5.083632e+02
1155          	5.083631e+02
1156          	5.083630e+02
1157          	5.083630e+02
1158          	5.083629e+02
1159          	5.083628e+02
1160          	5.083628e+02
1161          	5.083627e+02
1162          	5.083627e+02
1163          	5.083626e+02
1164          	5.083626e+02
1165          	5.083625e+02
1166          	5.083625e+02
1167          	5.083625e+02
1168          	5.083624e+02
1169          	5.083624e+02
1170          	5.083624e+02
1171          	5.083624e+02
1172          	5.083624e+02
1173          	5.083624e+02
1174          	5.083625e+02
1175          	5.083626e+02
1176          	5.083626e+02
1177          	5.083626e+02
1178          	5.083627e+02
1179          	5.083627e+02
1180          	5.083628e+02
1181          	5.083628e+02
1182          	5.083629e+02
1183          	5.083630e+02
1184          	5.083631e+02
1185          	5.083632e+02
1186          	5.083632e+02
1187          	5.083633e+02
1188          	5.083634e+02
1189          	5.083636e+02
1190          	5.083637e+02
1191          	5.083638e+02
1192          	5.083639e+02
1193          	5.083640e+02
1194          	5.083642e+02
1195          	5.083643e+02
1196          	5.083644e+02
1197          	5.083646e+02
1198          	5.083647e+02
1199          	5.083649e+02
1200          	5.083650e+02
1201          	5.083652e+02
1202          	5.083654e+02
1203          	5.083655e+02
1204          	5.083657e+02
1205          	5.083659e+02
1206          	5.083661e+02
1207          	5.083662e+02
1208          	5.083664e+02
1209          	5.083666e+02
1210          	5.083668e+02
1211          	5.083670e+02
1212          	5.083672e+02
1213          	5.083674e+02
1214          	5.083676e+02
1215          	5.083678e+02
1216          	5.083680e+02
1217          	5.083682e+02
1218          	5.083684e+02
1219          	5.083686e+02
1220          	5.083688e+02
1221          	5.083690e+02
1222          	5.083692e+02
1223          	5.083694e+02
1224          	5.083695e+02
1225          	5.083697e+02
1226          	5.083699e+02
1227          	5.083701e+02
1228          	5.083703e+02
1229          	5.083705e+02
1230          	5.083707e+02
1231          	5.083709e+02
1232          	5.083711e+02
1233          	5.083713e+02
1234          	5.083715e+02
1235          	5.083717e+02
1236          	5.083719e+02
1237          	5.083720e+02
1238          	5.083722e+02
1239          	5.083724e+02
1240          	5.083726e+02
1241          	5.083727e+02
1242          	5.083729e+02
1243          	5.083731e+02
1244          	5.083732e+02
1245          	5.083734e+02
1246          	5.083736e+02
1247          	5.083737e+02
1248          	5.083739e+02
1249          	5.083740e+02
1250          	5.083742e+02
1251          	5.083743e+02
1252          	5.083744e+02
1253          	5.083746e+02
1254          	5.083747e+02
1255          	5.083748e+02
1256          	5.083750e+02
1257          	5.083751e+02
1258          	5.083752e+02
1259          	5.083753e+02
1260          	5.083754e+02
1261          	5.083755e+02
1262          	5.083756e+02
1263          	5.083757e+02
1264          	5.083758e+02
1265          	5.083759e+02
1266          	5.083760e+02
1267          	5.083761e+02
1268          	5.083762e+02
1269          	5.083763e+02
1270          	5.083763e+02
1271          	5.083764e+02
1272          	5.083765e+02
1273          	5.083765e+02
1274          	5.083766e+02
1275          	5.083766e+02
1276          	5.083767e+02
1277          	5.083768e+02
1278          	5.083768e+02
1279          	5.083768e+02
1280          	5.083769e+02
1281          	5.083769e+02
1282          	5.083770e+02
1283          	5.083770e+02
1284          	5.083770e+02
1285          	5.083771e+02
1286          	5.083771e+02
1287          	5.083771e+02
1288          	5.083771e+02
1289          	5.083771e+02
1290          	5.083772e+02
1291          	5.083772e+02
1292          	5.083772e+02
1293          	5.083772e+02
1294          	5.083771e+02
1295          	5.083771e+02
1296          	5.083770e+02
1297          	5.083770e+02
1298          	5.083770e+02
1299          	5.083770e+02
1300          	5.083770e+02
1301          	5.083770e+02
1302          	5.083770e+02
1303          	5.083770e+02
1304          	5.083770e+02
1305          	5.083769e+02
1306          	5.083769e+02
1307          	5.083769e+02
1308          	5.083769e+02
1309          	5.083769e+02
1310          	5.083769e+02
1311          	5.083769e+02
1312          	5.083769e+02
1313          	5.083769e+02
1314          	5.083769e+02
1315          	5.083769e+02
1316          	5.083769e+02
1317          	5.083769e+02
1318          	5.083769e+02
1319          	5.083769e+02
1320          	5.083769e+02
1321          	5.083769e+02
1322          	5.083769e+02
1323          	5.083769e+02
1324          	5.083769e+02
1325          	5.083769e+02
1326          	5.083769e+02
1327          	5.083770e+02
1328          	5.083770e+02
1329          	5.083770e+02
1330          	5.083770e+02
1331          	5.083770e+02
1332          	5.083770e+02
1333          	5.083770e+02
1334          	5.083771e+02
1335          	5.083771e+02
1336          	5.083771e+02
1337          	5.083771e+02
1338          	5.083771e+02
1339          	5.083772e+02
1340          	5.083772e+02
1341          	5.083772e+02
1342          	5.083773e+02
1343          	5.083773e+02
1344          	5.083773e+02
1345          	5.083774e+02
1346          	5.083774e+02
1347          	5.083774e+02
1348          	5.083775e+02
1349          	5.083775e+02
1350          	5.083775e+02
1351          	5.083776e+02
1352          	5.083776e+02
1353          	5.083777e+02
1354          	5.083777e+02
1355          	5.083778e+02
1356          	5.083779e+02
1357          	5.083779e+02
1358          	5.083780e+02
1359          	5.083781e+02
1360          	5.083782e+02
1361          	5.083783e+02
1362          	5.083783e+02
1363          	5.083784e+02
1364          	5.083785e+02
1365          	5.083786e+02
1366          	5.083787e+02
1367          	5.083788e+02
1368          	5.083789e+02
1369          	5.083790e+02
1370          	5.083791e+02
1371          	5.083791e+02
1372          	5.083792e+02
1373          	5.083793e+02
1374          	5.083794e+02
1375          	5.083795e+02
1376          	5.083797e+02
1377          	5.083798e+02
1378          	5.083799e+02
1379          	5.083800e+02
1380          	5.083801e+02
1381          	5.083802e+02
1382          	5.083803e+02
1383          	5.083804e+02
1384          	5.083805e+02
1385          	5.083806e+02
1386          	5.083807e+02
1387          	5.083808e+02
1388          	5.083809e+02
1389          	5.083810e+02
1390          	5.083811e+02
1391          	5.083812e+02
1392          	5.083813e+02
1393          	5.083814e+02
1394          	5.083815e+02
1395          	5.083816e+02
1396          	5.083817e+02
1397          	5.083818e+02
1398          	5.083819e+02
1399          	5.083820e+02
1400          	5.083821e+02
1401          	5.083822e+02
1402          	5.083822e+02
1403          	5.083823e+02
1404          	5.083824e+02
1405          	5.083825e+02
1406          	5.083826e+02
1407          	5.083826e+02
1408          	5.083827e+02
1409          	5.083828e+02
1410          	5.083828e+02
1411          	5.083829e+02
1412          	5.083830e+02
1413          	5.083830e+02
1414          	5.083831e+02
1415          	5.083831e+02
1416          	5.083832e+02
1417          	5.083832e+02
1418          	5.083833e+02
1419          	5.083833e+02
1420          	5.083834e+02
1421          	5.083834e+02
1422          	5.083834e+02
1423          	5.083835e+02
1424          	5.083835e+02
1425          	5.083835e+02
1426          	5.083835e+02
1427          	5.083836e+02
1428          	5.083836e+02
1429          	5.083836e+02
1430          	5.083836e+02
1431          	5.083836e+02
1432          	5.083836e+02
1433          	5.083835e+02
1434          	5.083835e+02
1435          	5.083835e+02
1436          	5.083835e+02
1437          	5.083835e+02
1438          	5.083834e+02
1439          	5.083834e+02
1440          	5.083834e+02
1441          	5.083834e+02
1442          	5.083833e+02
1443          	5.083833e+02
1444          	5.083833e+02
1445          	5.083832e+02
1446          	5.083832e+02
1447          	5.083832e+02
1448          	5.083831e+02
1449          	5.083831e+02
1450          	5.083830e+02
1451          	5.083830e+02
1452          	5.083829e+02
1453          	5.083829e+02
1454          	5.083828e+02
1455          	5.083828e+02
1456          	5.083827e+02
1457          	5.083826e+02
1458          	5.083826e+02
1459          	5.083825e+02
1460          	5.083825e+02
1461          	5.083824e+02
1462          	5.083823e+02
1463          	5.083823e+02
1464          	5.083822e+02
1465          	5.083821e+02
1466          	5.083821e+02
1467          	5.083820e+02
1468          	5.083819e+02
1469          	5.083818e+02
1470          	5.083818e+02
1471          	5.083817e+02
1472          	5.083816e+02
1473          	5.083816e+02
1474          	5.083815e+02
1475          	5.083814e+02
1476          	5.083814e+02
1477          	5.083813e+02
1478          	5.083812e+02
1479          	5.083812e+02
1480          	5.083811e+02
1481          	5.083811e+02
1482          	5.083810e+02
1483          	5.083809e+02
1484          	5.083809e+02
1485          	5.083808e+02
1486          	5.083808e+02
1487          	5.083807e+02
1488          	5.083806e+02
1489          	5.083806e+02
1490          	5.083805e+02
1491          	5.083805e+02
1492          	5.083804e+02
1493          	5.083804e+02
1494          	5.083803e+02
1495          	5.083803e+02
1496          	5.083803e+02
1497          	5.083802e+02
1498          	5.083802e+02
1499          	5.083801e+02
1500          	5.083801e+02
1501          	5.083801e+02
1502          	5.083800e+02
1503          	5.083800e+02
1504          	5.083800e+02
1505          	5.083800e+02
1506          	5.083799e+02
1507          	5.083799e+02
1508          	5.083799e+02
1509          	5.083799e+02
1510          	5.083799e+02
1511          	5.083798e+02
1512          	5.083798e+02
1513          	5.083799e+02
1514          	5.083799e+02
1515          	5.083800e+02
1516          	5.083800e+02
1517          	5.083800e+02
1518          	5.083800e+02
1519          	5.083800e+02
1520          	5.083800e+02
1521          	5.083801e+02
1522          	5.083801e+02
1523          	5.083801e+02
1524          	5.083801e+02
1525          	5.083801e+02
1526          	5.083801e+02
1527          	5.083802e+02
1528          	5.083802e+02
1529          	5.083802e+02
1530          	5.083802e+02
1531          	5.083803e+02
1532          	5.083803e+02
1533          	5.083803e+02
1534          	5.083804e+02
1535          	5.083804e+02
1536          	5.083805e+02
1537          	5.083805e+02
1538          	5.083806e+02
1539          	5.083806e+02
1540          	5.083807e+02
1541          	5.083807e+02
1542          	5.083808e+02
1543          	5.083808e+02
1544          	5.083809e+02
1545          	5.083809e+02
1546          	5.083810e+02
1547          	5.083811e+02
1548          	5.083811e+02
1549          	5.083812e+02
1550          	5.083812e+02
1551          	5.083813e+02
1552          	5.083813e+02
1553          	5.083814e+02
1554          	5.083814e+02
1555          	5.083815e+02
1556          	5.083816e+02
1557          	5.083816e+02
1558          	5.083817e+02
1559          	5.083817e+02
1560          	5.083818e+02
1561          	5.083818e+02
1562          	5.083819e+02
1563          	5.083819e+02
1564          	5.083820e+02
1565          	5.083820e+02
1566          	5.083821e+02
1567          	5.083821e+02
1568          	5.083822e+02
1569          	5.083822e+02
1570          	5.083822e+02
1571          	5.083823e+02
1572          	5.083823e+02
1573          	5.083824e+02
1574          	5.083824e+02
1575          	5.083824e+02
1576          	5.083825e+02
1577          	5.083825e+02
1578          	5.083825e+02
1579          	5.083826e+02
1580          	5.083826e+02
1581          	5.083826e+02
1582          	5.083826e+02
1583          	5.083827e+02
1584          	5.083827e+02
1585          	5.083827e+02
1586          	5.083827e+02
1587          	5.083827e+02
1588          	5.083827e+02
1589          	5.083827e+02
1590          	5.083826e+02
1591          	5.083826e+02
1592          	5.083826e+02
1593          	5.083826e+02
1594          	5.083826e+02
1595          	5.083825e+02
1596          	5.083825e+02
1597          	5.083825e+02
1598          	5.083825e+02
1599          	5.083825e+02
1600          	5.083825e+02
1601          	5.083825e+02
1602          	5.083824e+02
1603          	5.083824e+02
1604          	5.083824e+02
1605          	5.083824e+02
1606          	5.083824e+02
1607          	5.083824e+02
1608          	5.083823e+02
1609          	5.083823e+02
1610          	5.083823e+02
1611          	5.083823e+02
1612          	5.083823e+02
1613          	5.083822e+02
1614          	5.083822e+02
1615          	5.083822e+02
1616          	5.083822e+02
1617          	5.083822e+02
1618          	5.083822e+02
1619          	5.083821e+02
1620          	5.083821e+02
1621          	5.083820e+02
1622          	5.083820e+02
1623          	5.083819e+02
1624          	5.083819e+02
1625          	5.083818e+02
1626          	5.083818e+02
1627          	5.083817e+02
1628          	5.083817e+02
1629          	5.083816e+02
1630          	5.083816e+02
1631          	5.083815e+02
1632          	5.083815e+02
1633          	5.083814e+02
1634          	5.083814e+02
1635          	5.083813e+02
1636          	5.083813e+02
1637          	5.083812e+02
1638          	5.083812e+02
1639          	5.083812e+02
1640          	5.083811e+02
1641          	5.083811e+02
1642          	5.083810e+02
1643          	5.083810e+02
1644          	5.083809e+02
1645          	5.083809e+02
1646          	5.083808e+02
1647          	5.083808e+02
1648          	5.083808e+02
1649          	5.083807e+02
1650          	5.083807e+02
1651          	5.083806e+02
1652          	5.083806e+02
1653          	5.083806e+02
1654          	5.083805e+02
1655          	5.083805e+02
1656          	5.083805e+02
1657          	5.083804e+02
1658          	5.083804e+02
1659          	5.083804e+02
1660          	5.083803e+02
1661          	5.083803e+02
1662          	5.083803e+02
1663          	5.083803e+02
1664          	5.083802e+02
1665          	5.083802e+02
1666          	5.083802e+02
1667          	5.083802e+02
1668          	5.083802e+02
1669          	5.083802e+02
1670          	5.083803e+02
1671          	5.083803e+02
1672          	5.083803e+02
1673          	5.083803e+02
1674          	5.083803e+02
1675          	5.083803e+02
1676          	5.083803e+02
1677          	5.083803e+02
1678          	5.083804e+02
1679          	5.083804e+02
1680          	5.083804e+02
1681          	5.083804e+02
1682          	5.083805e+02
1683          	5.083805e+02
1684          	5.083805e+02
1685          	5.083805e+02
1686          	5.083805e+02
1687          	5.083805e+02
1688          	5.083805e+02
1689          	5.083805e+02
1690          	5.083805e+02
1691          	5.083806e+02
1692          	5.083806e+02
1693          	5.083806e+02
1694          	5.083806e+02
1695          	5.083806e+02
1696          	5.083807e+02
1697          	5.083807e+02
1698          	5.083807e+02
1699          	5.083807e+02
1700          	5.083807e+02
1701          	5.083807e+02
1702          	5.083807e+02
1703          	5.083808e+02
1704          	5.083808e+02
1705          	5.083808e+02
1706          	5.083809e+02
1707          	5.083809e+02
1708          	5.083809e+02
1709          	5.083810e+02
1710          	5.083810e+02
1711          	5.083810e+02
1712          	5.083810e+02
1713          	5.083810e+02
1714          	5.083811e+02
1715          	5.083811e+02
1716          	5.083811e+02
1717          	5.083812e+02
1718          	5.083812e+02
1719          	5.083812e+02
1720          	5.083813e+02
1721          	5.083813e+02
1722          	5.083813e+02
1723          	5.083814e+02
1724          	5.083814e+02
1725          	5.083814e+02
1726          	5.083814e+02
1727          	5.083815e+02
1728          	5.083815e+02
1729          	5.083816e+02
1730          	5.083816e+02
1731          	5.083816e+02
1732          	5.083817e+02
1733          	5.083817e+02
1734          	5.083817e+02
1735          	5.083818e+02
1736          	5.083818e+02
1737          	5.083818e+02
1738          	5.083819e+02
1739          	5.083819e+02
1740          	5.083819e+02
1741          	5.083819e+02
1742          	5.083820e+02
1743          	5.083820e+02
1744          	5.083820e+02
1745          	5.083820e+02
1746          	5.083820e+02
1747          	5.083820e+02
1748          	5.083820e+02
1749          	5.083819e+02
1750          	5.083819e+02
1751          	5.083819e+02
1752          	5.083819e+02
1753          	5.083819e+02
1754          	5.083818e+02
1755          	5.083818e+02
1756          	5.083818e+02
1757          	5.083818e+02
1758          	5.083818e+02
1759          	5.083818e+02
1760          	5.083818e+02
1761          	5.083818e+02
1762          	5.083818e+02
1763          	5.083818e+02
1764          	5.083817e+02
1765          	5.083817e+02
1766          	5.083817e+02
1767          	5.083817e+02
1768          	5.083817e+02
1769          	5.083817e+02
1770          	5.083817e+02
1771          	5.083817e+02
1772          	5.083817e+02
1773          	5.083817e+02
1774          	5.083817e+02
1775          	5.083816e+02
1776          	5.083816e+02
1777          	5.083816e+02
1778          	5.083816e+02
1779          	5.083816e+02
1780          	5.083816e+02
1781          	5.083816e+02
1782          	5.083815e+02
1783          	5.083815e+02
1784          	5.083815e+02
1785          	5.083815e+02
1786          	5.083815e+02
1787          	5.083815e+02
1788          	5.083815e+02
1789          	5.083815e+02
1790          	5.083814e+02
1791          	5.083814e+02
1792          	5.083814e+02
1793          	5.083814e+02
1794          	5.083814e+02
1795          	5.083813e+02
1796          	5.083813e+02
1797          	5.083813e+02
1798          	5.083813e+02
1799          	5.083813e+02
1800          	5.083813e+02
1801          	5.083813e+02
1802          	5.083812e+02
1803          	5.083812e+02
1804          	5.083812e+02
1805          	5.083812e+02
1806          	5.083812e+02
1807          	5.083812e+02
1808          	5.083812e+02
1809          	5.083811e+02
1810          	5.083811e+02
1811          	5.083811e+02
1812          	5.083810e+02
1813          	5.083810e+02
1814          	5.083810e+02
1815          	5.083810e+02
1816          	5.083810e+02
1817          	5.083810e+02
1818          	5.083809e+02
1819          	5.083809e+02
1820          	5.083809e+02
1821          	5.083809e+02
1822          	5.083809e+02
1823          	5.083808e+02
1824          	5.083808e+02
1825          	5.083808e+02
1826          	5.083808e+02
1827          	5.083808e+02
1828          	5.083808e+02
1829          	5.083809e+02
1830          	5.083809e+02
1831          	5.083809e+02
1832          	5.083809e+02
1833          	5.083809e+02
1834          	5.083810e+02
1835          	5.083810e+02
1836          	5.083810e+02
1837          	5.083810e+02
1838          	5.083810e+02
1839          	5.083810e+02
1840          	5.083810e+02
1841          	5.083810e+02
1842          	5.083810e+02
1843          	5.083810e+02
1844          	5.083810e+02
1845          	5.083810e+02
1846          	5.083810e+02
1847          	5.083811e+02
1848          	5.083811e+02
1849          	5.083811e+02
1850          	5.083811e+02
1851          	5.083811e+02
1852          	5.083811e+02
1853          	5.083811e+02
1854          	5.083811e+02
1855          	5.083811e+02
1856          	5.083811e+02
1857          	5.083811e+02
1858          	5.083811e+02
1859          	5.083811e+02
1860          	5.083812e+02
1861          	5.083812e+02
1862          	5.083812e+02
1863          	5.083812e+02
1864          	5.083812e+02
1865          	5.083812e+02
1866          	5.083812e+02
1867          	5.083812e+02
1868          	5.083812e+02
1869          	5.083813e+02
1870          	5.083813e+02
1871          	5.083813e+02
1872          	5.083813e+02
1873          	5.083813e+02
1874          	5.083813e+02
1875          	5.083813e+02
1876          	5.083813e+02
1877          	5.083813e+02
1878          	5.083814e+02
1879          	5.083814e+02
1880          	5.083814e+02
1881          	5.083814e+02
1882          	5.083814e+02
1883          	5.083814e+02
1884          	5.083814e+02
1885          	5.083814e+02
1886          	5.083814e+02
1887          	5.083814e+02
1888          	5.083814e+02
1889          	5.083814e+02
1890          	5.083815e+02
1891          	5.083815e+02
1892          	5.083815e+02
1893          	5.083815e+02
1894          	5.083815e+02
1895          	5.083815e+02
1896          	5.083815e+02
1897          	5.083815e+02
1898          	5.083815e+02
1899          	5.083814e+02
1900          	5.083814e+02
1901          	5.083814e+02
1902          	5.083814e+02
1903          	5.083814e+02
1904          	5.083814e+02
1905          	5.083814e+02
1906          	5.083814e+02
1907          	5.083814e+02
1908          	5.083814e+02
1909          	5.083814e+02
1910          	5.083814e+02
1911          	5.083814e+02
1912          	5.083814e+02
1913          	5.083814e+02
1914          	5.083813e+02
1915          	5.083813e+02
1916          	5.083813e+02
1917          	5.083813e+02
1918          	5.083813e+02
1919          	5.083813e+02
1920          	5.083813e+02
1921          	5.083813e+02
1922          	5.083813e+02
1923          	5.083813e+02
1924          	5.083813e+02
1925          	5.083813e+02
1926          	5.083813e+02
1927          	5.083813e+02
1928          	5.083813e+02
1929          	5.083813e+02
1930          	5.083813e+02
1931          	5.083813e+02
1932          	5.083812e+02
1933          	5.083812e+02
1934          	5.083812e+02
1935          	5.083812e+02
1936          	5.083812e+02
1937          	5.083812e+02
1938          	5.083811e+02
1939          	5.083811e+02
1940          	5.083811e+02
1941          	5.083811e+02
1942          	5.083811e+02
1943          	5.083811e+02
1944          	5.083811e+02
1945          	5.083811e+02
1946          	5.083811e+02
1947          	5.083811e+02
1948          	5.083810e+02
1949          	5.083810e+02
1950          	5.083810e+02
1951          	5.083810e+02
1952          	5.083810e+02
1953          	5.083810e+02
1954          	5.083810e+02
1955          	5.083810e+02
1956          	5.083810e+02
1957          	5.083810e+02
1958          	5.083810e+02
1959          	5.083810e+02
1960          	5.083810e+02
1961          	5.083810e+02
1962          	5.083810e+02
1963          	5.083810e+02
1964          	5.083810e+02
1965          	5.083810e+02
1966          	5.083810e+02
1967          	5.083810e+02
1968          	5.083810e+02
1969          	5.083810e+02
1970          	5.083810e+02
1971          	5.083810e+02
1972          	5.083810e+02
1973          	5.083810e+02
1974          	5.083810e+02
1975          	5.083810e+02
1976          	5.083810e+02
1977          	5.083810e+02
1978          	5.083810e+02
1979          	5.083810e+02
1980          	5.083810e+02
1981          	5.083810e+02
1982          	5.083810e+02
1983          	5.083810e+02
1984          	5.083810e+02
1985          	5.083810e+02
1986          	5.083810e+02
1987          	5.083810e+02
1988          	5.083810e+02
1989          	5.083810e+02
1990          	5.083810e+02
1991          	5.083810e+02
1992          	5.083811e+02
1993          	5.083811e+02
1994          	5.083811e+02
1995          	5.083811e+02
1996          	5.083811e+02
1997          	5.083811e+02
1998          	5.083811e+02
1999          	5.083811e+02
2000          	5.083811e+02
